Sample,Rh (nm),Rg GNOM (nm),Dmax GNOM,Rg BIFT (nm),Dmax BIFT,Porod Exponent,Porod Volume (A^3),Rg/Rh,DP,% DMA,% PTMAEMA,%MMA,% BMA,% NHS,% DBCO,% PEG,% EPO,% WDCL,Conc,logP Poly,logP Total,HLB Poly,HLB Total,MW Poly,MW Total,logP Poly/MW,HLB Poly/MW,logP Total/MW,HLB Total/MW,Charge Poly Positive,Charge Poly Negative,Charge Poly Total,Charge Peptide Positive,Charge Peptide Negative,Charge Peptide Total,Charge Total Positive,Charge Total Negative,Charge Total
Poly 1 1(mg/mL),10.1,11.53,351,11.91,325.7,2.1,5754977,1.141584158,300,100,0,0,0,0,0,0,0,0,1,0.17,0.17,10.71,10.71,29736,29736,5.72E-06,0.000360169,5.72E-06,0.000360169,0,0,0,0,0,0,0,0,0
Poly 1 2(mg/mL),10.7,11.53,388,11.23,322.6,2,3316476,1.077570093,300,100,0,0,0,0,0,0,0,0,2,0.17,0.17,10.71,10.71,29736,29736,5.72E-06,0.000360169,5.72E-06,0.000360169,0,0,0,0,0,0,0,0,0
Poly 1 5(mg/mL),12.2,11.18,360,11.04,321.4,1.8,4547891,0.916393443,300,100,0,0,0,0,0,0,0,0,5,0.17,0.17,10.71,10.71,29736,29736,5.72E-06,0.000360169,5.72E-06,0.000360169,0,0,0,0,0,0,0,0,0
Polymer 11 1(mg/mL) ,7.6,9.4,284,9.55,264.4,1.7,4082556,1.236842105,200,60,25,12,3,0,0,0,0,0,1,-0.3719,-0.3719,11.9593,11.9593,25535.48,25535.48,-1.46E-05,0.000468341,-1.46E-05,0.000468341,0,-25,-25,0,0,0,0,-25,-25
Polymer 11 2(mg/mL) ,8.4,12.27,399,11.78,340.4,1.6,4161805,1.460714286,200,60,25,12,3,0,0,0,0,0,2,-0.3719,-0.3719,11.9593,11.9593,25535.48,25535.48,-1.46E-05,0.000468341,-1.46E-05,0.000468341,0,-25,-25,0,0,0,0,-25,-25
Polymer 11 5(mg/mL) ,10,10.66,338,10.62,312.3,1.7,3975598,1.066,200,60,25,12,3,0,0,0,0,0,5,-0.3719,-0.3719,11.9593,11.9593,25535.48,25535.48,-1.46E-05,0.000468341,-1.46E-05,0.000468341,0,-25,-25,0,0,0,0,-25,-25
Polymer 15 1(mg/mL) ,8.7,10.96,353,11.04,330.51,1.8,2228441,1.259770115,200,50,25,22,3,0,0,0,0,0,1,-0.2579,-0.2579,11.7183,11.7183,25555.48,25555.48,-1.01E-05,0.000458544,-1.01E-05,0.000458544,0,-25,-25,0,0,0,0,-25,-25
Polymer 15 2(mg/mL) ,9.4,11.06,369,10.91,329.4,1.6,3337083,1.176595745,200,50,25,22,3,0,0,0,0,0,2,-0.2579,-0.2579,11.7183,11.7183,25555.48,25555.48,-1.01E-05,0.000458544,-1.01E-05,0.000458544,0,-25,-25,0,0,0,0,-25,-25
Polymer 15 5(mg/mL) ,10.3,10.08,309,10.04,301,1.6,2991094,0.978640777,200,50,25,22,3,0,0,0,0,0,5,-0.2579,-0.2579,11.7183,11.7183,25555.48,25555.48,-1.01E-05,0.000458544,-1.01E-05,0.000458544,0,-25,-25,0,0,0,0,-25,-25
Polymer 17 1(mg/mL) ,8.4,13.69,436,13.9,392,2.1,3771361,1.629761905,200,55,25,12,8,0,0,0,0,0,1,-0.2489,-0.2489,11.7443,11.7443,25966.28,25966.28,-9.59E-06,0.00045229,-9.59E-06,0.00045229,0,-25,-25,0,0,0,0,-25,-25
Polymer 17 2(mg/mL) ,10,11.38,345,13.14,377.4,1.4,8215194,1.138,200,55,25,12,8,0,0,0,0,0,2,-0.2489,-0.2489,11.7443,11.7443,25966.28,25966.28,-9.59E-06,0.00045229,-9.59E-06,0.00045229,0,-25,-25,0,0,0,0,-25,-25
Polymer 17 5(mg/mL) ,11.5,11.06,359,11.21,347.8,1.7,4012846,0.96173913,200,55,25,12,8,0,0,0,0,0,5,-0.2489,-0.2489,11.7443,11.7443,25966.28,25966.28,-9.59E-06,0.00045229,-9.59E-06,0.00045229,0,-25,-25,0,0,0,0,-25,-25
Polymer 23 1(mg/mL) ,7.7,8.85,262,11.59,339,2.2,3662887,1.149350649,300,70,25,0,5,0,0,0,0,0,1,-0.4595,-0.4595,12.1625,12.1625,38525.7,38525.7,-1.19E-05,0.000315698,-1.19E-05,0.000315698,0,-25,-25,0,0,0,0,-25,-25
Polymer 23 2(mg/mL) ,10.3,9.56,289,9.47,265.3,1.9,3381517,0.92815534,300,70,25,0,5,0,0,0,0,0,2,-0.4595,-0.4595,12.1625,12.1625,38525.7,38525.7,-1.19E-05,0.000315698,-1.19E-05,0.000315698,0,-25,-25,0,0,0,0,-25,-25
Polymer 23 5(mg/mL) ,10.6,11.86,420,11.72,377.3,1.9,3418531,1.118867925,300,70,25,0,5,0,0,0,0,0,5,-0.4595,-0.4595,12.1625,12.1625,38525.7,38525.7,-1.19E-05,0.000315698,-1.19E-05,0.000315698,0,-25,-25,0,0,0,0,-25,-25
Polymer 25 1(mg/mL) ,9,11.86,353,10.57,294.4,1.9,3889209,1.317777778,300,65,25,0,10,0,0,0,0,0,1,-0.3365,-0.3365,11.9475,11.9475,39171.9,39171.9,-8.59E-06,0.000305002,-8.59E-06,0.000305002,0,-25,-25,0,0,0,0,-25,-25
Polymer 25 2(mg/mL) ,10.3,10.32,349,9.52,286.7,1.7,2038093,1.001941748,300,65,25,0,10,0,0,0,0,0,2,-0.3365,-0.3365,11.9475,11.9475,39171.9,39171.9,-8.59E-06,0.000305002,-8.59E-06,0.000305002,0,-25,-25,0,0,0,0,-25,-25
Polymer 25 5(mg/mL) ,9.5,10.78,390,10.09,311.1,1.6,2854497,1.134736842,300,65,25,0,10,0,0,0,0,0,5,-0.3365,-0.3365,11.9475,11.9475,39171.9,39171.9,-8.59E-06,0.000305002,-8.59E-06,0.000305002,0,-25,-25,0,0,0,0,-25,-25
Polymer 27 1(mg/mL) ,8.3,9.61,293,9.7,273.3,2,346435,1.157831325,200,100,0,0,0,0,0,0,0,0,1,0.17,0.17,10.71,10.71,19824,19824,8.58E-06,0.000540254,8.58E-06,0.000540254,0,0,0,0,0,0,0,0,0
Polymer 27 2(mg/mL) ,10.6,9.87,290,11.5,334.8,2.5,5450078,0.931132075,200,100,0,0,0,0,0,0,0,0,2,0.17,0.17,10.71,10.71,19824,19824,8.58E-06,0.000540254,8.58E-06,0.000540254,0,0,0,0,0,0,0,0,0
Polymer 27 5(mg/mL) ,11.2,9.61,288,9.36,270,2.7,3272516,0.858035714,200,100,0,0,0,0,0,0,0,0,5,0.17,0.17,10.71,10.71,19824,19824,8.58E-06,0.000540254,8.58E-06,0.000540254,0,0,0,0,0,0,0,0,0
Polymer 30 1(mg/mL) ,10.2,13.13,421,10.87,295.4,1.3,12383165,1.287254902,300,95,5,0,0,0,0,0,0,0,1,0.0195,0.0195,11.0435,11.0435,31364.7,31364.7,6.22E-07,0.0003521,6.22E-07,0.0003521,0,-5,-5,0,0,0,0,-5,-5
Polymer 30 2(mg/mL) ,11.1,11.39,365,11.55,343.4,1.9,5546750,1.026126126,300,95,5,0,0,0,0,0,0,0,2,0.0195,0.0195,11.0435,11.0435,31364.7,31364.7,6.22E-07,0.0003521,6.22E-07,0.0003521,0,-5,-5,0,0,0,0,-5,-5
Polymer 30 5(mg/mL) ,11.2,11.08,343,11,316.2,2,907775,0.989285714,300,95,5,0,0,0,0,0,0,0,5,0.0195,0.0195,11.0435,11.0435,31364.7,31364.7,6.22E-07,0.0003521,6.22E-07,0.0003521,0,-5,-5,0,0,0,0,-5,-5
Polymer 31 1(mg/mL) ,10.7,13.5,407,13.13,363.9,1.1,253098,1.261682243,300,85,15,0,0,0,0,0,0,0,1,-0.2815,-0.2815,11.7105,11.7105,34622.1,34622.1,-8.13E-06,0.000338238,-8.13E-06,0.000338238,0,-15,-15,0,0,0,0,-15,-15
Polymer 31 2(mg/mL) ,11.3,12.53,436,13.73,396.6,1.9,5752771,1.108849558,300,85,15,0,0,0,0,0,0,0,2,-0.2815,-0.2815,11.7105,11.7105,34622.1,34622.1,-8.13E-06,0.000338238,-8.13E-06,0.000338238,0,-15,-15,0,0,0,0,-15,-15
Polymer 31 5(mg/mL) ,13,11.2,359,11.17,326.6,1.6,3869210,0.861538462,300,85,15,0,0,0,0,0,0,0,5,-0.2815,-0.2815,11.7105,11.7105,34622.1,34622.1,-8.13E-06,0.000338238,-8.13E-06,0.000338238,0,-15,-15,0,0,0,0,-15,-15
Polymer 32 1(mg/mL) ,9.7,11.52,357,10.64,294.4,2.3,4413574,1.187628866,300,75,25,0,0,0,0,0,0,0,1,-0.5825,-0.5825,12.3775,12.3775,37879.5,37879.5,-1.54E-05,0.00032676,-1.54E-05,0.00032676,0,-25,-25,0,0,0,0,-25,-25
Polymer 32 2(mg/mL) ,11.8,11.66,380,12.06,343.7,1.7,4995159,0.988135593,300,75,25,0,0,0,0,0,0,0,2,-0.5825,-0.5825,12.3775,12.3775,37879.5,37879.5,-1.54E-05,0.00032676,-1.54E-05,0.00032676,0,-25,-25,0,0,0,0,-25,-25
Polymer 32 5(mg/mL) ,9.5,11.57,380,11.38,330.7,1.6,4468599,1.217894737,300,75,25,0,0,0,0,0,0,0,5,-0.5825,-0.5825,12.3775,12.3775,37879.5,37879.5,-1.54E-05,0.00032676,-1.54E-05,0.00032676,0,-25,-25,0,0,0,0,-25,-25
Polymer 34 1(mg/mL) ,10.7,10.19,309,9.86,274.1,1.6,4777814,0.952336449,300,85,5,10,0,0,0,0,0,0,1,0.1335,0.1335,10.8025,10.8025,31394.7,31394.7,4.25E-06,0.000344087,4.25E-06,0.000344087,0,-5,-5,0,0,0,0,-5,-5
Polymer 34 2(mg/mL) ,12.1,10.46,302,11.87,353.2,2.7,1313328,0.86446281,300,85,5,10,0,0,0,0,0,0,2,0.1335,0.1335,10.8025,10.8025,31394.7,31394.7,4.25E-06,0.000344087,4.25E-06,0.000344087,0,-5,-5,0,0,0,0,-5,-5
Polymer 34 5(mg/mL) ,12.3,10.83,349,10.8,311.6,1.7,5780093,0.880487805,300,85,5,10,0,0,0,0,0,0,5,0.1335,0.1335,10.8025,10.8025,31394.7,31394.7,4.25E-06,0.000344087,4.25E-06,0.000344087,0,-5,-5,0,0,0,0,-5,-5
Polymer 35 1(mg/mL) ,10.8,12,401,9.58,259.3,1.7,6298959,1.111111111,300,90,5,0,5,0,0,0,0,0,1,0.1425,0.1425,10.8285,10.8285,32010.9,32010.9,4.45E-06,0.000338275,4.45E-06,0.000338275,0,-5,-5,0,0,0,0,-5,-5
Polymer 35 2(mg/mL) ,12.3,14.69,458,20.9,547.2,1,3491852,1.194308943,300,90,5,0,5,0,0,0,0,0,2,0.1425,0.1425,10.8285,10.8285,32010.9,32010.9,4.45E-06,0.000338275,4.45E-06,0.000338275,0,-5,-5,0,0,0,0,-5,-5
Polymer 35 5(mg/mL) ,11.6,11.03,369,10.71,309.3,1.9,5333795,0.950862069,300,90,5,0,5,0,0,0,0,0,5,0.1425,0.1425,10.8285,10.8285,32010.9,32010.9,4.45E-06,0.000338275,4.45E-06,0.000338275,0,-5,-5,0,0,0,0,-5,-5
Polymer 36 1(mg/mL) ,8.6,11,332,24.95,649.5,2.1,9681160,1.279069767,300,85,5,0,10,0,0,0,0,0,1,0.2655,0.2655,10.6135,10.6135,32657.1,32657.1,8.13E-06,0.000324998,8.13E-06,0.000324998,0,-5,-5,0,0,0,0,-5,-5
Polymer 36 2(mg/mL) ,9.8,10.88,340,10.41,289.1,1.7,6817007,1.110204082,300,85,5,0,10,0,0,0,0,0,2,0.2655,0.2655,10.6135,10.6135,32657.1,32657.1,8.13E-06,0.000324998,8.13E-06,0.000324998,0,-5,-5,0,0,0,0,-5,-5
Polymer 36 5(mg/mL) ,10.1,9.68,313,9.33,282.6,1.7,2012135,0.958415842,300,85,5,0,10,0,0,0,0,0,5,0.2655,0.2655,10.6135,10.6135,32657.1,32657.1,8.13E-06,0.000324998,8.13E-06,0.000324998,0,-5,-5,0,0,0,0,-5,-5
Polymer 37 2(mg/mL) ,10.2,14.5,417,23.98,625.1,1.1,9764359,1.421568627,200,95,5,0,0,0,0,0,0,0,2,0.0195,0.0195,11.0435,11.0435,20909.8,20909.8,9.33E-07,0.000528149,9.33E-07,0.000528149,0,-5,-5,0,0,0,0,-5,-5
Polymer 37 5(mg/mL) ,10.5,9.8,313,9.58,267,1.9,10535843,0.933333333,200,95,5,0,0,0,0,0,0,0,5,0.0195,0.0195,11.0435,11.0435,20909.8,20909.8,9.33E-07,0.000528149,9.33E-07,0.000528149,0,-5,-5,0,0,0,0,-5,-5
Polymer 38 1(mg/mL) ,9.1,9.83,311,8.63,226.9,2.2,6555064,1.08021978,200,85,15,0,0,0,0,0,0,0,1,-0.2815,-0.2815,11.7105,11.7105,23081.4,23081.4,-1.22E-05,0.000507357,-1.22E-05,0.000507357,0,-15,-15,0,0,0,0,-15,-15
Polymer 38 2(mg/mL) ,8.8,9.86,313,9.63,274.3,2,8710861,1.120454545,200,85,15,0,0,0,0,0,0,0,2,-0.2815,-0.2815,11.7105,11.7105,23081.4,23081.4,-1.22E-05,0.000507357,-1.22E-05,0.000507357,0,-15,-15,0,0,0,0,-15,-15
Polymer 38 5(mg/mL) ,11.1,10.13,309,10.1,289.8,2.4,5837416,0.912612613,200,85,15,0,0,0,0,0,0,0,5,-0.2815,-0.2815,11.7105,11.7105,23081.4,23081.4,-1.22E-05,0.000507357,-1.22E-05,0.000507357,0,-15,-15,0,0,0,0,-15,-15
Polymer 39 1(mg/mL) ,9.1,15.54,438,11.69,416.3,1.3,142166,1.707692308,200,75,25,0,0,0,0,0,0,0,1,-0.5825,-0.5825,12.3775,12.3775,25253,25253,-2.31E-05,0.00049014,-2.31E-05,0.00049014,0,-25,-25,0,0,0,0,-25,-25
Polymer 39 2(mg/mL) ,10,10.09,314,9.88,273.2,1.8,4072379,1.009,200,75,25,0,0,0,0,0,0,0,2,-0.5825,-0.5825,12.3775,12.3775,25253,25253,-2.31E-05,0.00049014,-2.31E-05,0.00049014,0,-25,-25,0,0,0,0,-25,-25
Polymer 39 5(mg/mL) ,10.5,10.19,332,9.99,290.5,1.7,3388688,0.97047619,200,75,25,0,0,0,0,0,0,0,5,-0.5825,-0.5825,12.3775,12.3775,25253,25253,-2.31E-05,0.00049014,-2.31E-05,0.00049014,0,-25,-25,0,0,0,0,-25,-25
Polymer 4 1(mg/mL) ,9.7,12.23,414,12.72,342.9,1.5,10219866,1.260824742,300,70,25,5,0,0,0,0,0,0,1,-0.5255,-0.5255,12.257,12.257,37894.5,37894.5,-1.39E-05,0.000323451,-1.39E-05,0.000323451,0,-25,-25,0,0,0,0,-25,-25
Polymer 4 2(mg/mL) ,9.8,10.5,327,11.53,335.8,2.2,4485701,1.071428571,300,70,25,5,0,0,0,0,0,0,2,-0.5255,-0.5255,12.257,12.257,37894.5,37894.5,-1.39E-05,0.000323451,-1.39E-05,0.000323451,0,-25,-25,0,0,0,0,-25,-25
Polymer 4 5(mg/mL) ,11.7,10.94,343,10.93,323.7,1.6,3705772,0.935042735,300,70,25,5,0,0,0,0,0,0,5,-0.5255,-0.5255,12.257,12.257,37894.5,37894.5,-1.39E-05,0.000323451,-1.39E-05,0.000323451,0,-25,-25,0,0,0,0,-25,-25
Polymer 41 2(mg/mL) ,11,10.24,321,10.44,308.2,2.5,8286755,0.930909091,200,85,5,10,0,0,0,0,0,0,2,0.1335,0.1335,10.8025,10.8025,20929.8,20929.8,6.38E-06,0.00051613,6.38E-06,0.00051613,0,-5,-5,0,0,0,0,-5,-5
Polymer 41 5(mg/mL) ,11.7,9.65,301,9.14,253.3,2.7,855995,0.824786325,200,85,5,10,0,0,0,0,0,0,5,0.1335,0.1335,10.8025,10.8025,20929.8,20929.8,6.38E-06,0.00051613,6.38E-06,0.00051613,0,-5,-5,0,0,0,0,-5,-5
Polymer 42 1(mg/mL) ,9.2,8.89,279,8.84,252.6,2.1,7954717,0.966304348,200,90,5,0,5,0,0,0,0,0,1,0.1425,0.1425,10.8285,10.8285,21340.6,21340.6,6.68E-06,0.000507413,6.68E-06,0.000507413,0,-5,-5,0,0,0,0,-5,-5
Polymer 42 2(mg/mL) ,10.4,10.28,359,9.35,276.7,1.9,6727325,0.988461538,200,90,5,0,5,0,0,0,0,0,2,0.1425,0.1425,10.8285,10.8285,21340.6,21340.6,6.68E-06,0.000507413,6.68E-06,0.000507413,0,-5,-5,0,0,0,0,-5,-5
Polymer 42 5(mg/mL) ,10.7,9.78,311,9.76,288.3,2.5,4762808,0.914018692,200,90,5,0,5,0,0,0,0,0,5,0.1425,0.1425,10.8285,10.8285,21340.6,21340.6,6.68E-06,0.000507413,6.68E-06,0.000507413,0,-5,-5,0,0,0,0,-5,-5
Polymer 43 2(mg/mL) ,9.1,14.33,472,9.72,257.1,1.7,4461756,1.574725275,200,85,5,0,10,0,0,0,0,0,2,0.2655,0.2655,10.6135,10.6135,21771.4,21771.4,1.22E-05,0.000487497,1.22E-05,0.000487497,0,-5,-5,0,0,0,0,-5,-5
Polymer 43 5(mg/mL) ,10.1,12.9,435,11.43,330.4,1.7,4719937,1.277227723,200,85,5,0,10,0,0,0,0,0,5,0.2655,0.2655,10.6135,10.6135,21771.4,21771.4,1.22E-05,0.000487497,1.22E-05,0.000487497,0,-5,-5,0,0,0,0,-5,-5
Polymer 44 1(mg/mL) ,10.2,11.63,351,14.2,360.2,1.1,710333,1.140196078,400,70,25,5,0,0,0,0,0,0,1,-0.5255,-0.5255,12.257,12.257,50526,50526,-1.04E-05,0.000242588,-1.04E-05,0.000242588,0,-25,-25,0,0,0,0,-25,-25
Polymer 44 2(mg/mL) ,11.6,13.96,395,15.68,399.5,2.1,15088265,1.203448276,400,70,25,5,0,0,0,0,0,0,2,-0.5255,-0.5255,12.257,12.257,50526,50526,-1.04E-05,0.000242588,-1.04E-05,0.000242588,0,-25,-25,0,0,0,0,-25,-25
Polymer 44 5(mg/mL) ,9.7,11.54,388,10.19,303.7,1.7,4425037,1.189690722,400,70,25,5,0,0,0,0,0,0,5,-0.5255,-0.5255,12.257,12.257,50526,50526,-1.04E-05,0.000242588,-1.04E-05,0.000242588,0,-25,-25,0,0,0,0,-25,-25
Polymer 45 1(mg/mL) ,10.1,13.36,423,15.17,389.9,1.2,181458,1.322772277,400,65,25,10,0,0,0,0,0,0,1,-0.4685,-0.4685,12.1365,12.1365,50546,50546,-9.27E-06,0.000240108,-9.27E-06,0.000240108,0,-25,-25,0,0,0,0,-25,-25
Polymer 45 2(mg/mL) ,10.8,16.68,537,14.74,391.6,1.9,12007165,1.544444444,400,65,25,10,0,0,0,0,0,0,2,-0.4685,-0.4685,12.1365,12.1365,50546,50546,-9.27E-06,0.000240108,-9.27E-06,0.000240108,0,-25,-25,0,0,0,0,-25,-25
Polymer 45 5(mg/mL) ,10.4,12.32,432,11.26,331.5,1.6,4133077,1.184615385,400,65,25,10,0,0,0,0,0,0,5,-0.4685,-0.4685,12.1365,12.1365,50546,50546,-9.27E-06,0.000240108,-9.27E-06,0.000240108,0,-25,-25,0,0,0,0,-25,-25
Polymer 46 1(mg/mL) ,10.1,15.04,465,15.59,410.7,1.1,107812,1.489108911,400,70,25,0,5,0,0,0,0,0,1,-0.4595,-0.4595,12.1625,12.1625,51367.6,51367.6,-8.95E-06,0.000236774,-8.95E-06,0.000236774,0,-25,-25,0,0,0,0,-25,-25
Polymer 46 2(mg/mL) ,11,14.8,488,23.18,604.1,1.4,7449664,1.345454545,400,70,25,0,5,0,0,0,0,0,2,-0.4595,-0.4595,12.1625,12.1625,51367.6,51367.6,-8.95E-06,0.000236774,-8.95E-06,0.000236774,0,-25,-25,0,0,0,0,-25,-25
Polymer 46 5(mg/mL) ,9.9,13.68,475,11.89,342,1.7,3531976,1.381818182,400,70,25,0,5,0,0,0,0,0,5,-0.4595,-0.4595,12.1625,12.1625,51367.6,51367.6,-8.95E-06,0.000236774,-8.95E-06,0.000236774,0,-25,-25,0,0,0,0,-25,-25
Polymer 47 1(mg/mL) ,10.3,8.58,257,8.44,233.1,1.9,395340,0.833009709,400,65,25,0,10,0,0,0,0,0,1,-0.3365,-0.3365,11.9475,11.9475,52229.2,52229.2,-6.44E-06,0.000228751,-6.44E-06,0.000228751,0,-25,-25,0,0,0,0,-25,-25
Polymer 47 2(mg/mL) ,10,9.66,332,8.59,241.6,1.9,1742100,0.966,400,65,25,0,10,0,0,0,0,0,2,-0.3365,-0.3365,11.9475,11.9475,52229.2,52229.2,-6.44E-06,0.000228751,-6.44E-06,0.000228751,0,-25,-25,0,0,0,0,-25,-25
Polymer 47 5(mg/mL) ,8.5,11.39,391,11.97,374,1.7,2478233,1.34,400,65,25,0,10,0,0,0,0,0,5,-0.3365,-0.3365,11.9475,11.9475,52229.2,52229.2,-6.44E-06,0.000228751,-6.44E-06,0.000228751,0,-25,-25,0,0,0,0,-25,-25
Polymer 48 1(mg/mL) ,11.4,13.31,413,12.91,347.93,1.8,7582161,1.16754386,400,95,5,0,0,0,0,0,0,0,1,0.0195,0.0195,11.0435,11.0435,41819.6,41819.6,4.66E-07,0.000264075,4.66E-07,0.000264075,0,-5,-5,0,0,0,0,-5,-5
Polymer 48 2(mg/mL) ,14.2,12.62,392,12.34,348.1,1.9,4715791,0.888732394,400,95,5,0,0,0,0,0,0,0,2,0.0195,0.0195,11.0435,11.0435,41819.6,41819.6,4.66E-07,0.000264075,4.66E-07,0.000264075,0,-5,-5,0,0,0,0,-5,-5
Polymer 48 5(mg/mL) ,14.5,12.78,417,12.61,368.4,1.7,5469924,0.88137931,400,95,5,0,0,0,0,0,0,0,5,0.0195,0.0195,11.0435,11.0435,41819.6,41819.6,4.66E-07,0.000264075,4.66E-07,0.000264075,0,-5,-5,0,0,0,0,-5,-5
Polymer 49 2(mg/mL) ,10.7,14.62,406,15.25,389.3,1.2,327588,1.36635514,400,85,15,0,0,0,0,0,0,0,2,-0.2815,-0.2815,11.7105,11.7105,46162.8,46162.8,-6.10E-06,0.000253678,-6.10E-06,0.000253678,0,-15,-15,0,0,0,0,-15,-15
Polymer 49 5(mg/mL) ,12.2,13.49,436,14.24,389.9,1.5,2025043,1.105737705,400,85,15,0,0,0,0,0,0,0,5,-0.2815,-0.2815,11.7105,11.7105,46162.8,46162.8,-6.10E-06,0.000253678,-6.10E-06,0.000253678,0,-15,-15,0,0,0,0,-15,-15
Polymer 50 2(mg/mL) ,11.8,14.97,495,11.6,314.2,1.6,2318155,1.268644068,400,90,5,5,0,0,0,0,0,0,2,0.0765,0.0765,10.923,10.923,41839.6,41839.6,1.83E-06,0.000261068,1.83E-06,0.000261068,0,-5,-5,0,0,0,0,-5,-5
Polymer 50 5(mg/mL) ,10.7,14,491,13.04,382.9,1.6,5163994,1.308411215,400,90,5,5,0,0,0,0,0,0,5,0.0765,0.0765,10.923,10.923,41839.6,41839.6,1.83E-06,0.000261068,1.83E-06,0.000261068,0,-5,-5,0,0,0,0,-5,-5
Polymer 51 2(mg/mL) ,10,12.59,401,11.73,310.6,2,6675347,1.259,400,85,5,10,0,0,0,0,0,0,2,0.1335,0.1335,10.8025,10.8025,41859.6,41859.6,3.19E-06,0.000258065,3.19E-06,0.000258065,0,-5,-5,0,0,0,0,-5,-5
Polymer 51 5(mg/mL) ,11.3,12.05,364,12.14,353.1,2.2,8217568,1.066371681,400,85,5,10,0,0,0,0,0,0,5,0.1335,0.1335,10.8025,10.8025,41859.6,41859.6,3.19E-06,0.000258065,3.19E-06,0.000258065,0,-5,-5,0,0,0,0,-5,-5
Polymer 52 1(mg/mL) ,10.5,15.27,418,26.73,691.6,1,98461,1.454285714,400,90,5,0,5,0,0,0,0,0,1,0.1425,0.1425,10.8285,10.8285,42681.2,42681.2,3.34E-06,0.000253707,3.34E-06,0.000253707,0,-5,-5,0,0,0,0,-5,-5
Polymer 52 2(mg/mL) ,9.2,11.4,375,11.58,328.2,1.6,365277,1.239130435,400,90,5,0,5,0,0,0,0,0,2,0.1425,0.1425,10.8285,10.8285,42681.2,42681.2,3.34E-06,0.000253707,3.34E-06,0.000253707,0,-5,-5,0,0,0,0,-5,-5
Polymer 52 5(mg/mL) ,11.8,13.67,448,13.57,383.8,1.8,5565880,1.158474576,400,90,5,0,5,0,0,0,0,0,5,0.1425,0.1425,10.8285,10.8285,42681.2,42681.2,3.34E-06,0.000253707,3.34E-06,0.000253707,0,-5,-5,0,0,0,0,-5,-5
Polymer 53 1(mg/mL) ,8.8,11.38,343,16.69,425.6,1.1,235442,1.293181818,400,85,5,0,10,0,0,0,0,0,1,0.2655,0.2655,10.6135,10.6135,43542.8,43542.8,6.10E-06,0.000243749,6.10E-06,0.000243749,0,-5,-5,0,0,0,0,-5,-5
Polymer 53 2(mg/mL) ,9.9,10.34,313,13.93,384.4,1.5,6575835,1.044444444,400,85,5,0,10,0,0,0,0,0,2,0.2655,0.2655,10.6135,10.6135,43542.8,43542.8,6.10E-06,0.000243749,6.10E-06,0.000243749,0,-5,-5,0,0,0,0,-5,-5
Polymer 53 5(mg/mL) ,10.9,10.93,357,10.64,308.7,1.9,1537314,1.002752294,400,85,5,0,10,0,0,0,0,0,5,0.2655,0.2655,10.6135,10.6135,43542.8,43542.8,6.10E-06,0.000243749,6.10E-06,0.000243749,0,-5,-5,0,0,0,0,-5,-5
Polymer 54 1(mg/mL) ,7.5,10.76,315,11.25,304.8,1.3,73402,1.434666667,200,95,0,5,0,0,0,0,0,0,1,0.227,0.227,10.5895,10.5895,19834,19834,1.14E-05,0.000533906,1.14E-05,0.000533906,0,0,0,0,0,0,0,0,0
Polymer 54 2(mg/mL) ,8.7,11.1,327,11.69,312.5,1.9,14545169,1.275862069,200,95,0,5,0,0,0,0,0,0,2,0.227,0.227,10.5895,10.5895,19834,19834,1.14E-05,0.000533906,1.14E-05,0.000533906,0,0,0,0,0,0,0,0,0
Polymer 55 1(mg/mL) ,6.8,11.34,346,13.63,397.5,1.2,10872956,1.667647059,200,90,0,10,0,0,0,0,0,0,1,0.284,0.284,10.469,10.469,19844,19844,1.43E-05,0.000527565,1.43E-05,0.000527565,0,0,0,0,0,0,0,0,0
Polymer 55 2(mg/mL) ,10.1,13.26,457,11.47,346.9,1.5,5349922,1.312871287,200,90,0,10,0,0,0,0,0,0,2,0.284,0.284,10.469,10.469,19844,19844,1.43E-05,0.000527565,1.43E-05,0.000527565,0,0,0,0,0,0,0,0,0
Polymer 55 5(mg/mL) ,9.8,11.08,346,11.1,325.9,1.7,5779061,1.130612245,200,90,0,10,0,0,0,0,0,0,5,0.284,0.284,10.469,10.469,19844,19844,1.43E-05,0.000527565,1.43E-05,0.000527565,0,0,0,0,0,0,0,0,0
Polymer 56 1(mg/mL) ,8.7,11.92,343,11.84,320,1.5,1219528,1.370114943,200,95,0,0,5,0,0,0,0,0,1,0.293,0.293,10.495,10.495,20254.8,20254.8,1.45E-05,0.000518149,1.45E-05,0.000518149,0,0,0,0,0,0,0,0,0
Polymer 56 2(mg/mL) ,10,12.89,418,13.05,365,1.9,6819540,1.289,200,95,0,0,5,0,0,0,0,0,2,0.293,0.293,10.495,10.495,20254.8,20254.8,1.45E-05,0.000518149,1.45E-05,0.000518149,0,0,0,0,0,0,0,0,0
Polymer 56 5(mg/mL) ,10.7,10.85,306,10.96,304.2,2,6586690,1.014018692,200,95,0,0,5,0,0,0,0,0,5,0.293,0.293,10.495,10.495,20254.8,20254.8,1.45E-05,0.000518149,1.45E-05,0.000518149,0,0,0,0,0,0,0,0,0
Polymer 57 1(mg/mL) ,7.6,10.14,314,17.65,439,1.1,169679,1.334210526,200,90,0,0,10,0,0,0,0,0,1,0.416,0.416,10.28,10.28,20685.6,20685.6,2.01E-05,0.000496964,2.01E-05,0.000496964,0,0,0,0,0,0,0,0,0
Polymer 57 2(mg/mL) ,8.5,11.36,360,15.11,417.4,1.4,2790538,1.336470588,200,90,0,0,10,0,0,0,0,0,2,0.416,0.416,10.28,10.28,20685.6,20685.6,2.01E-05,0.000496964,2.01E-05,0.000496964,0,0,0,0,0,0,0,0,0
Polymer 57 5(mg/mL) ,9.9,9.29,307,9.13,282.4,2.1,1032130,0.938383838,200,90,0,0,10,0,0,0,0,0,5,0.416,0.416,10.28,10.28,20685.6,20685.6,2.01E-05,0.000496964,2.01E-05,0.000496964,0,0,0,0,0,0,0,0,0
Polymer 58 1(mg/mL) ,9.4,9.24,266,12.65,347.6,1.5,192343,0.982978723,300,95,5,0,0,0,0,0,0,0,1,0.0195,0.0195,11.0435,11.0435,31364.7,31364.7,6.22E-07,0.0003521,6.22E-07,0.0003521,0,-5,-5,0,0,0,0,-5,-5
Polymer 58 2(mg/mL) ,10.8,14.56,475,15.01,413.6,1.9,6586073,1.348148148,300,95,5,0,0,0,0,0,0,0,2,0.0195,0.0195,11.0435,11.0435,31364.7,31364.7,6.22E-07,0.0003521,6.22E-07,0.0003521,0,-5,-5,0,0,0,0,-5,-5
Polymer 58 5(mg/mL) ,10.4,11.8,397,11.38,336.1,1.9,5559594,1.134615385,300,95,5,0,0,0,0,0,0,0,5,0.0195,0.0195,11.0435,11.0435,31364.7,31364.7,6.22E-07,0.0003521,6.22E-07,0.0003521,0,-5,-5,0,0,0,0,-5,-5
Polymer 59 1(mg/mL) ,7.4,11.27,331,11.51,306.4,1.6,4377945,1.522972973,300,90,0,10,0,0,0,0,0,0,1,0.284,0.284,10.469,10.469,29766,29766,9.54E-06,0.00035171,9.54E-06,0.00035171,0,0,0,0,0,0,0,0,0
Polymer 59 2(mg/mL) ,9,12.87,464,10.81,302.7,1.9,3140989,1.43,300,90,0,10,0,0,0,0,0,0,2,0.284,0.284,10.469,10.469,29766,29766,9.54E-06,0.00035171,9.54E-06,0.00035171,0,0,0,0,0,0,0,0,0
Polymer 59 5(mg/mL) ,10.2,10.97,321,12.14,367.3,1.7,2788939,1.075490196,300,90,0,10,0,0,0,0,0,0,5,0.284,0.284,10.469,10.469,29766,29766,9.54E-06,0.00035171,9.54E-06,0.00035171,0,0,0,0,0,0,0,0,0
Polymer 60 1(mg/mL) ,9.3,12.07,339,12.21,316,1.2,231357,1.297849462,300,95,0,0,5,0,0,0,0,0,1,0.293,0.293,10.495,10.495,30382.2,30382.2,9.64E-06,0.000345433,9.64E-06,0.000345433,0,0,0,0,0,0,0,0,0
Polymer 60 2(mg/mL) ,9.9,10.32,323,10.09,289.2,2.1,529108,1.042424242,300,95,0,0,5,0,0,0,0,0,2,0.293,0.293,10.495,10.495,30382.2,30382.2,9.64E-06,0.000345433,9.64E-06,0.000345433,0,0,0,0,0,0,0,0,0
Polymer 60 5(mg/mL) ,11.9,9.97,332,9.5,281.6,2.7,3378720,0.837815126,300,95,0,0,5,0,0,0,0,0,5,0.293,0.293,10.495,10.495,30382.2,30382.2,9.64E-06,0.000345433,9.64E-06,0.000345433,0,0,0,0,0,0,0,0,0
Polymer 61 1(mg/mL) ,8.6,10.74,357,9.68,275,1.8,4900019,1.248837209,300,90,0,0,10,0,0,0,0,0,1,0.416,0.416,10.28,10.28,31028.4,31028.4,1.34E-05,0.000331309,1.34E-05,0.000331309,0,0,0,0,0,0,0,0,0
Polymer 61 2(mg/mL) ,9.6,9.91,322,9.7,282.4,1.6,2900935,1.032291667,300,90,0,0,10,0,0,0,0,0,2,0.416,0.416,10.28,10.28,31028.4,31028.4,1.34E-05,0.000331309,1.34E-05,0.000331309,0,0,0,0,0,0,0,0,0
Polymer 61 5(mg/mL) ,9.4,11.78,418,10.07,307.9,1.9,1014808,1.253191489,300,90,0,0,10,0,0,0,0,0,5,0.416,0.416,10.28,10.28,31028.4,31028.4,1.34E-05,0.000331309,1.34E-05,0.000331309,0,0,0,0,0,0,0,0,0
Polymer 62 1(mg/mL) ,10,13.96,484,11.32,300.6,1.7,6519430,1.396,400,95,0,5,0,0,0,0,0,0,1,0.227,0.227,10.5895,10.5895,39668,39668,5.72E-06,0.000266953,5.72E-06,0.000266953,0,0,0,0,0,0,0,0,0
Polymer 62 2(mg/mL) ,9.9,12.44,404,11.28,303.7,1.8,5051040,1.256565657,400,95,0,5,0,0,0,0,0,0,2,0.227,0.227,10.5895,10.5895,39668,39668,5.72E-06,0.000266953,5.72E-06,0.000266953,0,0,0,0,0,0,0,0,0
Polymer 62 5(mg/mL) ,9.8,14.14,508,12.35,364.1,1.7,3531048,1.442857143,400,95,0,5,0,0,0,0,0,0,5,0.227,0.227,10.5895,10.5895,39668,39668,5.72E-06,0.000266953,5.72E-06,0.000266953,0,0,0,0,0,0,0,0,0
Polymer 64 1(mg/mL) ,10.7,11.68,390,9.75,257.2,1.9,4598223,1.091588785,400,95,0,0,5,0,0,0,0,0,1,0.293,0.293,10.495,10.495,40509.6,40509.6,7.23E-06,0.000259074,7.23E-06,0.000259074,0,0,0,0,0,0,0,0,0
Polymer 64 2(mg/mL) ,11.3,13.28,425,12.98,358.4,1.8,3781472,1.175221239,400,95,0,0,5,0,0,0,0,0,2,0.293,0.293,10.495,10.495,40509.6,40509.6,7.23E-06,0.000259074,7.23E-06,0.000259074,0,0,0,0,0,0,0,0,0
Polymer 64 5(mg/mL) ,12,11.88,377,11.88,347.5,1.7,4125397,0.99,400,95,0,0,5,0,0,0,0,0,5,0.293,0.293,10.495,10.495,40509.6,40509.6,7.23E-06,0.000259074,7.23E-06,0.000259074,0,0,0,0,0,0,0,0,0
Polymer 65 2(mg/mL) ,10.9,12.77,431,12.19,356.7,2,3325748,1.171559633,400,90,0,0,10,0,0,0,0,0,2,0.416,0.416,10.28,10.28,41371.2,41371.2,1.01E-05,0.000248482,1.01E-05,0.000248482,0,0,0,0,0,0,0,0,0
Polymer 65 5(mg/mL) ,13.5,12.35,425,12.62,387.6,2.3,1076553,0.914814815,400,90,0,0,10,0,0,0,0,0,5,0.416,0.416,10.28,10.28,41371.2,41371.2,1.01E-05,0.000248482,1.01E-05,0.000248482,0,0,0,0,0,0,0,0,0
Poly 100 2(mg/mL) ,8.9,13.31,369,17.19,455.9,1.3,168819,1.495505618,300,80,15,5,0,0,0,0,0,0,2,-0.2245,-0.2245,11.59,11.59,34637.1,34637.1,-6.48E-06,0.000334612,-6.48E-06,0.000334612,0,-15,-15,0,0,0,0,-15,-15
Poly 100 5(mg/mL) ,8.4,13.35,381,15.34,428.3,1.8,9478849,1.589285714,300,80,15,5,0,0,0,0,0,0,5,-0.2245,-0.2245,11.59,11.59,34637.1,34637.1,-6.48E-06,0.000334612,-6.48E-06,0.000334612,0,-15,-15,0,0,0,0,-15,-15
Poly 101 1(mg/mL) ,9,12.26,332,16.85,431.7,1.4,11170788,1.362222222,300,80,20,0,0,0,0,0,0,0,1,-0.432,-0.432,12.044,12.044,36250.8,36250.8,-1.19E-05,0.000332241,-1.19E-05,0.000332241,0,-20,-20,0,0,0,0,-20,-20
Poly 101 10(mg/mL) ,5,10.6,349,10.21,299.3,1.7,5954988,2.12,300,80,20,0,0,0,0,0,0,0,10,-0.432,-0.432,12.044,12.044,36250.8,36250.8,-1.19E-05,0.000332241,-1.19E-05,0.000332241,0,-20,-20,0,0,0,0,-20,-20
Poly 101 2(mg/mL) ,11.4,13.09,404,12.24,335.3,1.4,4915499,1.148245614,300,80,20,0,0,0,0,0,0,0,2,-0.432,-0.432,12.044,12.044,36250.8,36250.8,-1.19E-05,0.000332241,-1.19E-05,0.000332241,0,-20,-20,0,0,0,0,-20,-20
Poly 101 5(mg/mL) ,4.3,11.22,367,11.24,339.5,1.7,5528832,2.609302326,300,80,20,0,0,0,0,0,0,0,5,-0.432,-0.432,12.044,12.044,36250.8,36250.8,-1.19E-05,0.000332241,-1.19E-05,0.000332241,0,-20,-20,0,0,0,0,-20,-20
Poly 102 1(mg/mL) ,10.4,10.76,314,11.3,304.5,1.6,4904001,1.034615385,300,90,10,0,0,0,0,0,0,0,1,-0.131,-0.131,11.377,11.377,32993.4,32993.4,-3.97E-06,0.000344827,-3.97E-06,0.000344827,0,-10,-10,0,0,0,0,-10,-10
Poly 102 10(mg/mL) ,4.8,9.57,270,10.26,303.7,1.7,4822227,1.99375,300,90,10,0,0,0,0,0,0,0,10,-0.131,-0.131,11.377,11.377,32993.4,32993.4,-3.97E-06,0.000344827,-3.97E-06,0.000344827,0,-10,-10,0,0,0,0,-10,-10
Poly 102 2(mg/mL) ,10.2,10.54,310,11.18,301.4,1.7,3392501,1.033333333,300,90,10,0,0,0,0,0,0,0,2,-0.131,-0.131,11.377,11.377,32993.4,32993.4,-3.97E-06,0.000344827,-3.97E-06,0.000344827,0,-10,-10,0,0,0,0,-10,-10
Poly 102 5(mg/mL) ,11.5,10.68,314,12.51,358.3,1.6,4060268,0.928695652,300,90,10,0,0,0,0,0,0,0,5,-0.131,-0.131,11.377,11.377,32993.4,32993.4,-3.97E-06,0.000344827,-3.97E-06,0.000344827,0,-10,-10,0,0,0,0,-10,-10
Poly 103 2(mg/mL) ,8.4,12.07,414,11.39,349.1,2.5,869773,1.436904762,400,55,25,0,20,0,0,0,0,0,2,-0.0905,-0.0905,11.5175,11.5175,53952.4,53952.4,-1.68E-06,0.000213475,-1.68E-06,0.000213475,0,-25,-25,0,0,0,0,-25,-25
Poly 104 1(mg/mL) ,7.3,10.29,308,13.3,374.1,1.8,3079765,1.409589041,400,55,25,20,0,0,0,0,0,0,1,-0.3545,-0.3545,11.8955,11.8955,50586,50586,-7.01E-06,0.000235154,-7.01E-06,0.000235154,0,-25,-25,0,0,0,0,-25,-25
Poly 104 2(mg/mL) ,8,10.22,321,12,359.5,1.5,4037911,1.2775,400,55,25,20,0,0,0,0,0,0,2,-0.3545,-0.3545,11.8955,11.8955,50586,50586,-7.01E-06,0.000235154,-7.01E-06,0.000235154,0,-25,-25,0,0,0,0,-25,-25
Poly 104 5(mg/mL) ,8.4,10.44,355,10.66,339.9,1.5,3557220,1.242857143,400,55,25,20,0,0,0,0,0,0,5,-0.3545,-0.3545,11.8955,11.8955,50586,50586,-7.01E-06,0.000235154,-7.01E-06,0.000235154,0,-25,-25,0,0,0,0,-25,-25
Poly 105 1(mg/mL) ,11.3,10.45,336,13.18,410.9,2.2,882562,0.924778761,400,65,15,0,20,0,0,0,0,0,1,0.2105,0.2105,10.8505,10.8505,49609.2,49609.2,4.24E-06,0.00021872,4.24E-06,0.00021872,0,-15,-15,0,0,0,0,-15,-15
Poly 105 2(mg/mL) ,9.2,10.28,343,10.71,330.5,2.4,1054133,1.117391304,400,65,15,0,20,0,0,0,0,0,2,0.2105,0.2105,10.8505,10.8505,49609.2,49609.2,4.24E-06,0.00021872,4.24E-06,0.00021872,0,-15,-15,0,0,0,0,-15,-15
Poly 105 5(mg/mL) ,10.5,8.99,275,11.69,395.1,2.3,1021076,0.856190476,400,65,15,0,20,0,0,0,0,0,5,0.2105,0.2105,10.8505,10.8505,49609.2,49609.2,4.24E-06,0.00021872,4.24E-06,0.00021872,0,-15,-15,0,0,0,0,-15,-15
Poly 106 1(mg/mL) ,9.3,10.1,327,15.04,412.3,1.9,3772744,1.086021505,400,65,15,20,0,0,0,0,0,0,1,-0.0535,-0.0535,11.2285,11.2285,46242.8,46242.8,-1.16E-06,0.000242816,-1.16E-06,0.000242816,0,-15,-15,0,0,0,0,-15,-15
Poly 106 2(mg/mL) ,11.9,11.26,364,10.88,315.1,1.6,3750392,0.946218487,400,65,15,20,0,0,0,0,0,0,2,-0.0535,-0.0535,11.2285,11.2285,46242.8,46242.8,-1.16E-06,0.000242816,-1.16E-06,0.000242816,0,-15,-15,0,0,0,0,-15,-15
Poly 106 5(mg/mL) ,7.5,9.61,301,10.8,329.1,1.6,3042698,1.281333333,400,65,15,20,0,0,0,0,0,0,5,-0.0535,-0.0535,11.2285,11.2285,46242.8,46242.8,-1.16E-06,0.000242816,-1.16E-06,0.000242816,0,-15,-15,0,0,0,0,-15,-15
Poly 108 1(mg/mL) ,10.7,11.18,345,10.93,305.3,2.3,1647987,1.044859813,400,75,5,0,20,0,0,0,0,0,1,0.5115,0.5115,10.1835,10.1835,45266,45266,1.13E-05,0.00022497,1.13E-05,0.00022497,0,-5,-5,0,0,0,0,-5,-5
Poly 108 10(mg/mL) ,12.4,9.88,326,11.81,396.7,2.3,1378299,0.796774194,400,75,5,0,20,0,0,0,0,0,10,0.5115,0.5115,10.1835,10.1835,45266,45266,1.13E-05,0.00022497,1.13E-05,0.00022497,0,-5,-5,0,0,0,0,-5,-5
Poly 108 2(mg/mL) ,14.4,13.27,436,13.6,397.9,2.7,1211228,0.921527778,400,75,5,0,20,0,0,0,0,0,2,0.5115,0.5115,10.1835,10.1835,45266,45266,1.13E-05,0.00022497,1.13E-05,0.00022497,0,-5,-5,0,0,0,0,-5,-5
Poly 108 5(mg/mL) ,15,11.3,404,8.61,277.5,2.2,1773288,0.753333333,400,75,5,0,20,0,0,0,0,0,5,0.5115,0.5115,10.1835,10.1835,45266,45266,1.13E-05,0.00022497,1.13E-05,0.00022497,0,-5,-5,0,0,0,0,-5,-5
Poly 110 1(mg/mL) ,7.1,10.98,384,8.85,247.4,1.9,537832,1.546478873,400,80,15,5,0,0,0,0,0,0,1,-0.2245,-0.2245,11.59,11.59,46182.8,46182.8,-4.86E-06,0.000250959,-4.86E-06,0.000250959,0,-15,-15,0,0,0,0,-15,-15
Poly 110 2(mg/mL) ,8.9,9.63,282,9.3,259.7,1.3,388478,1.082022472,400,80,15,5,0,0,0,0,0,0,2,-0.2245,-0.2245,11.59,11.59,46182.8,46182.8,-4.86E-06,0.000250959,-4.86E-06,0.000250959,0,-15,-15,0,0,0,0,-15,-15
Poly 110 5(mg/mL) ,9.5,11.73,385,11.82,349.5,1.8,5536295,1.234736842,400,80,15,5,0,0,0,0,0,0,5,-0.2245,-0.2245,11.59,11.59,46182.8,46182.8,-4.86E-06,0.000250959,-4.86E-06,0.000250959,0,-15,-15,0,0,0,0,-15,-15
Poly 69 1(mg/mL) ,5.9,8.06,278,7.91,256.1,2.1,1084688,1.366101695,200,55,25,0,20,0,0,0,0,0,1,-0.0905,-0.0905,11.5175,11.5175,26976.2,26976.2,-3.35E-06,0.00042695,-3.35E-06,0.00042695,0,-25,-25,0,0,0,0,-25,-25
Poly 69 10(mg/mL) ,6.7,7.88,276,7.87,269.9,2.2,609847,1.176119403,200,55,25,0,20,0,0,0,0,0,10,-0.0905,-0.0905,11.5175,11.5175,26976.2,26976.2,-3.35E-06,0.00042695,-3.35E-06,0.00042695,0,-25,-25,0,0,0,0,-25,-25
Poly 69 2(mg/mL) ,6.6,7.87,264,7.92,242.1,2.1,767087,1.192424242,200,55,25,0,20,0,0,0,0,0,2,-0.0905,-0.0905,11.5175,11.5175,26976.2,26976.2,-3.35E-06,0.00042695,-3.35E-06,0.00042695,0,-25,-25,0,0,0,0,-25,-25
Poly 69 5(mg/mL) ,6.4,8,277,7.91,262,2.2,674179,1.25,200,55,25,0,20,0,0,0,0,0,5,-0.0905,-0.0905,11.5175,11.5175,26976.2,26976.2,-3.35E-06,0.00042695,-3.35E-06,0.00042695,0,-25,-25,0,0,0,0,-25,-25
Poly 70 1(mg/mL) ,8.3,10.42,285,16.99,453.8,1.4,18163779,1.255421687,200,55,25,20,0,0,0,0,0,0,1,-0.3545,-0.3545,11.8955,11.8955,25293,25293,-1.40E-05,0.000470308,-1.40E-05,0.000470308,0,-25,-25,0,0,0,0,-25,-25
Poly 70 10(mg/mL) ,5.3,9.16,253,9.43,281,2.3,5187102,1.728301887,200,55,25,20,0,0,0,0,0,0,10,-0.3545,-0.3545,11.8955,11.8955,25293,25293,-1.40E-05,0.000470308,-1.40E-05,0.000470308,0,-25,-25,0,0,0,0,-25,-25
Poly 70 2(mg/mL) ,9.7,11.49,341,14.06,391.7,2.5,10170632,1.184536082,200,55,25,20,0,0,0,0,0,0,2,-0.3545,-0.3545,11.8955,11.8955,25293,25293,-1.40E-05,0.000470308,-1.40E-05,0.000470308,0,-25,-25,0,0,0,0,-25,-25
Poly 70 5(mg/mL) ,10.2,10.92,339,11.68,367.7,2.3,7234491,1.070588235,200,55,25,20,0,0,0,0,0,0,5,-0.3545,-0.3545,11.8955,11.8955,25293,25293,-1.40E-05,0.000470308,-1.40E-05,0.000470308,0,-25,-25,0,0,0,0,-25,-25
Poly 71 1(mg/mL) ,6.7,6.21,205,7.15,234.3,2.1,1594470,0.926865672,200,65,15,0,20,0,0,0,0,0,1,0.2105,0.2105,10.8505,10.8505,24804.6,24804.6,8.49E-06,0.000437439,8.49E-06,0.000437439,0,-15,-15,0,0,0,0,-15,-15
Poly 71 10(mg/mL) ,7.3,8.92,294,10.3,374.4,2.3,967335,1.221917808,200,65,15,0,20,0,0,0,0,0,10,0.2105,0.2105,10.8505,10.8505,24804.6,24804.6,8.49E-06,0.000437439,8.49E-06,0.000437439,0,-15,-15,0,0,0,0,-15,-15
Poly 71 2(mg/mL) ,7.6,7.56,249,8.93,305.1,2.8,737892,0.994736842,200,65,15,0,20,0,0,0,0,0,2,0.2105,0.2105,10.8505,10.8505,24804.6,24804.6,8.49E-06,0.000437439,8.49E-06,0.000437439,0,-15,-15,0,0,0,0,-15,-15
Poly 71 5(mg/mL) ,8.5,8.01,255,9.53,332.8,2.5,716426,0.942352941,200,65,15,0,20,0,0,0,0,0,5,0.2105,0.2105,10.8505,10.8505,24804.6,24804.6,8.49E-06,0.000437439,8.49E-06,0.000437439,0,-15,-15,0,0,0,0,-15,-15
Poly 72 10(mg/mL) ,11.3,9.97,302,10.07,298.9,2.5,6517646,0.882300885,200,65,15,20,0,0,0,0,0,0,10,-0.0535,-0.0535,11.2285,11.2285,23121.4,23121.4,-2.31E-06,0.000485632,-2.31E-06,0.000485632,0,-15,-15,0,0,0,0,-15,-15
Poly 75 1(mg/mL) ,9.4,10.09,313,9.97,281.3,1.8,2795036,1.073404255,200,70,25,0,5,0,0,0,0,0,1,-0.4595,-0.4595,12.1625,12.1625,25683.8,25683.8,-1.79E-05,0.000473548,-1.79E-05,0.000473548,0,-25,-25,0,0,0,0,-25,-25
Poly 75 10(mg/mL) ,7.6,8.94,257,8.91,256.4,2.4,4748873,1.176315789,200,70,25,0,5,0,0,0,0,0,10,-0.4595,-0.4595,12.1625,12.1625,25683.8,25683.8,-1.79E-05,0.000473548,-1.79E-05,0.000473548,0,-25,-25,0,0,0,0,-25,-25
Poly 75 2(mg/mL) ,10.2,10.85,359,10.36,302.6,1.8,4000258,1.06372549,200,70,25,0,5,0,0,0,0,0,2,-0.4595,-0.4595,12.1625,12.1625,25683.8,25683.8,-1.79E-05,0.000473548,-1.79E-05,0.000473548,0,-25,-25,0,0,0,0,-25,-25
Poly 75 5(mg/mL) ,11.2,10.09,320,10.04,301.7,2.3,6298065,0.900892857,200,70,25,0,5,0,0,0,0,0,5,-0.4595,-0.4595,12.1625,12.1625,25683.8,25683.8,-1.79E-05,0.000473548,-1.79E-05,0.000473548,0,-25,-25,0,0,0,0,-25,-25
Poly 76 1(mg/mL) ,9.2,9.4,290,9.12,256.4,1.6,3742729,1.02173913,200,70,25,5,0,0,0,0,0,0,1,-0.5255,-0.5255,12.257,12.257,25263,25263,-2.08E-05,0.000485176,-2.08E-05,0.000485176,0,-25,-25,0,0,0,0,-25,-25
Poly 76 10(mg/mL) ,10.8,9.22,269,9.18,260.8,2.6,4933714,0.853703704,200,70,25,5,0,0,0,0,0,0,10,-0.5255,-0.5255,12.257,12.257,25263,25263,-2.08E-05,0.000485176,-2.08E-05,0.000485176,0,-25,-25,0,0,0,0,-25,-25
Poly 76 2(mg/mL) ,9.4,9.97,302,9.92,284.7,1.8,5032609,1.060638298,200,70,25,5,0,0,0,0,0,0,2,-0.5255,-0.5255,12.257,12.257,25263,25263,-2.08E-05,0.000485176,-2.08E-05,0.000485176,0,-25,-25,0,0,0,0,-25,-25
Poly 76 5(mg/mL) ,8.7,10.05,304,9.99,289.5,2.5,6807206,1.155172414,200,70,25,5,0,0,0,0,0,0,5,-0.5255,-0.5255,12.257,12.257,25263,25263,-2.08E-05,0.000485176,-2.08E-05,0.000485176,0,-25,-25,0,0,0,0,-25,-25
Poly 77 1(mg/mL) ,9.5,11.45,402,9.7,297.5,2,2707418,1.205263158,200,75,15,0,10,0,0,0,0,0,1,-0.0355,-0.0355,11.2805,11.2805,23943,23943,-1.48E-06,0.00047114,-1.48E-06,0.00047114,0,-15,-15,0,0,0,0,-15,-15
Poly 77 10(mg/mL) ,7.7,7.88,265,7.78,240.4,2,2379267,1.023376623,200,75,15,0,10,0,0,0,0,0,10,-0.0355,-0.0355,11.2805,11.2805,23943,23943,-1.48E-06,0.00047114,-1.48E-06,0.00047114,0,-15,-15,0,0,0,0,-15,-15
Poly 77 2(mg/mL) ,9.4,9.7,317,9.73,301,2,3083076,1.031914894,200,75,15,0,10,0,0,0,0,0,2,-0.0355,-0.0355,11.2805,11.2805,23943,23943,-1.48E-06,0.00047114,-1.48E-06,0.00047114,0,-15,-15,0,0,0,0,-15,-15
Poly 77 5(mg/mL) ,10.4,9,327,8.66,268.6,2.3,3905208,0.865384615,200,75,15,0,10,0,0,0,0,0,5,-0.0355,-0.0355,11.2805,11.2805,23943,23943,-1.48E-06,0.00047114,-1.48E-06,0.00047114,0,-15,-15,0,0,0,0,-15,-15
Poly 78 1(mg/mL) ,8.8,10.68,365,9.2,257.4,1.6,3734169,1.213636364,200,75,15,10,0,0,0,0,0,0,1,-0.1675,-0.1675,11.4695,11.4695,23101.4,23101.4,-7.25E-06,0.000496485,-7.25E-06,0.000496485,0,-15,-15,0,0,0,0,-15,-15
Poly 78 10(mg/mL) ,9.3,9.17,248,9.23,262,2.5,4221846,0.986021505,200,75,15,10,0,0,0,0,0,0,10,-0.1675,-0.1675,11.4695,11.4695,23101.4,23101.4,-7.25E-06,0.000496485,-7.25E-06,0.000496485,0,-15,-15,0,0,0,0,-15,-15
Poly 78 2(mg/mL) ,9.7,10.96,358,10.75,322.9,2.2,5815038,1.129896907,200,75,15,10,0,0,0,0,0,0,2,-0.1675,-0.1675,11.4695,11.4695,23101.4,23101.4,-7.25E-06,0.000496485,-7.25E-06,0.000496485,0,-15,-15,0,0,0,0,-15,-15
Poly 78 5(mg/mL) ,9.3,10.33,341,10.14,305.4,2.4,5842365,1.110752688,200,75,15,10,0,0,0,0,0,0,5,-0.1675,-0.1675,11.4695,11.4695,23101.4,23101.4,-7.25E-06,0.000496485,-7.25E-06,0.000496485,0,-15,-15,0,0,0,0,-15,-15
Poly 79 1(mg/mL) ,8.5,10.74,330,18.63,498.9,2.4,4571614,1.263529412,200,75,5,0,20,0,0,0,0,0,1,0.5115,0.5115,10.1835,10.1835,22633,22633,2.26E-05,0.00044994,2.26E-05,0.00044994,0,-5,-5,0,0,0,0,-5,-5
Poly 79 2(mg/mL) ,11.7,11.97,400,15.08,475.3,2.7,1780898,1.023076923,200,75,5,0,20,0,0,0,0,0,2,0.5115,0.5115,10.1835,10.1835,22633,22633,2.26E-05,0.00044994,2.26E-05,0.00044994,0,-5,-5,0,0,0,0,-5,-5
Poly 79 5(mg/mL) ,6.9,8.36,247,10.26,313.2,2.8,1988912,1.211594203,200,75,5,0,20,0,0,0,0,0,5,0.5115,0.5115,10.1835,10.1835,22633,22633,2.26E-05,0.00044994,2.26E-05,0.00044994,0,-5,-5,0,0,0,0,-5,-5
Poly 80 1(mg/mL) ,9.3,9.85,324,9.46,269.9,2.4,4380522,1.059139785,200,80,15,0,5,0,0,0,0,0,1,-0.1585,-0.1585,11.4955,11.4955,23512.2,23512.2,-6.74E-06,0.000488916,-6.74E-06,0.000488916,0,-15,-15,0,0,0,0,-15,-15
Poly 80 10(mg/mL) ,9.7,9.19,265,8.94,257.4,2.5,4424579,0.94742268,200,80,15,0,5,0,0,0,0,0,10,-0.1585,-0.1585,11.4955,11.4955,23512.2,23512.2,-6.74E-06,0.000488916,-6.74E-06,0.000488916,0,-15,-15,0,0,0,0,-15,-15
Poly 80 5(mg/mL) ,11.1,9.92,308,9.83,287.9,2.5,6092389,0.893693694,200,80,15,0,5,0,0,0,0,0,5,-0.1585,-0.1585,11.4955,11.4955,23512.2,23512.2,-6.74E-06,0.000488916,-6.74E-06,0.000488916,0,-15,-15,0,0,0,0,-15,-15
Poly 82 1(mg/mL) ,10.1,13.11,404,19.13,506.3,1.2,153729,1.298019802,400,70,30,0,0,0,0,0,0,0,1,-0.733,-0.733,12.711,12.711,52677.6,52677.6,-1.39E-05,0.000241298,-1.39E-05,0.000241298,0,-30,-30,0,0,0,0,-30,-30
Poly 82 10(mg/mL) ,9.93,12.35,361,15,450,1.5,13003264,1.243705942,400,70,30,0,0,0,0,0,0,0,10,-0.733,-0.733,12.711,12.711,52677.6,52677.6,-1.39E-05,0.000241298,-1.39E-05,0.000241298,0,-30,-30,0,0,0,0,-30,-30
Poly 82 2(mg/mL) ,9.7,13.23,380,15.17,412.9,1.9,8338975,1.363917526,400,70,30,0,0,0,0,0,0,0,2,-0.733,-0.733,12.711,12.711,52677.6,52677.6,-1.39E-05,0.000241298,-1.39E-05,0.000241298,0,-30,-30,0,0,0,0,-30,-30
Poly 82 5(mg/mL) ,10.4,11.94,353,14.9,438,1.9,13256797,1.148076923,400,70,30,0,0,0,0,0,0,0,5,-0.733,-0.733,12.711,12.711,52677.6,52677.6,-1.39E-05,0.000241298,-1.39E-05,0.000241298,0,-30,-30,0,0,0,0,-30,-30
Poly 83 1(mg/mL) ,9.6,10.62,331,10.95,292.3,1.4,4975771,1.10625,400,75,25,0,0,0,0,0,0,0,1,-0.5825,-0.5825,12.3775,12.3775,50506,50506,-1.15E-05,0.00024507,-1.15E-05,0.00024507,0,-25,-25,0,0,0,0,-25,-25
Poly 83 10(mg/mL) ,5.6,10.95,360,10.62,316,1.6,8071917,1.955357143,400,75,25,0,0,0,0,0,0,0,10,-0.5825,-0.5825,12.3775,12.3775,50506,50506,-1.15E-05,0.00024507,-1.15E-05,0.00024507,0,-25,-25,0,0,0,0,-25,-25
Poly 83 2(mg/mL) ,10.5,11.55,383,10.48,288.8,1.9,4358688,1.1,400,75,25,0,0,0,0,0,0,0,2,-0.5825,-0.5825,12.3775,12.3775,50506,50506,-1.15E-05,0.00024507,-1.15E-05,0.00024507,0,-25,-25,0,0,0,0,-25,-25
Poly 83 5(mg/mL) ,10.3,12.54,427,11.2,324.4,1.8,4792527,1.217475728,400,75,25,0,0,0,0,0,0,0,5,-0.5825,-0.5825,12.3775,12.3775,50506,50506,-1.15E-05,0.00024507,-1.15E-05,0.00024507,0,-25,-25,0,0,0,0,-25,-25
Poly 84 1(mg/mL) ,9.4,12.03,384,12.07,331.8,1.9,3714714,1.279787234,400,75,5,20,0,0,0,0,0,0,1,0.2475,0.2475,10.5615,10.5615,41899.6,41899.6,5.91E-06,0.000252067,5.91E-06,0.000252067,0,-5,-5,0,0,0,0,-5,-5
Poly 84 10(mg/mL) ,12.1,10.82,353,11.62,370,1.6,6082184,0.894214876,400,75,5,20,0,0,0,0,0,0,10,0.2475,0.2475,10.5615,10.5615,41899.6,41899.6,5.91E-06,0.000252067,5.91E-06,0.000252067,0,-5,-5,0,0,0,0,-5,-5
Poly 84 2(mg/mL) ,11,12.12,400,11.64,330.4,1.7,3129793,1.101818182,400,75,5,20,0,0,0,0,0,0,2,0.2475,0.2475,10.5615,10.5615,41899.6,41899.6,5.91E-06,0.000252067,5.91E-06,0.000252067,0,-5,-5,0,0,0,0,-5,-5
Poly 84 5(mg/mL) ,6.9,12.35,388,12.33,366.4,1.6,4002160,1.789855072,400,75,5,20,0,0,0,0,0,0,5,0.2475,0.2475,10.5615,10.5615,41899.6,41899.6,5.91E-06,0.000252067,5.91E-06,0.000252067,0,-5,-5,0,0,0,0,-5,-5
Poly 85 1(mg/mL) ,8.8,10.16,301,10.26,276,1.4,6701365,1.154545455,400,80,20,0,0,0,0,0,0,0,1,-0.432,-0.432,12.044,12.044,48334.4,48334.4,-8.94E-06,0.000249181,-8.94E-06,0.000249181,0,-20,-20,0,0,0,0,-20,-20
Poly 85 2(mg/mL) ,10.6,11.46,381,11.53,332.4,1.7,5310317,1.081132075,400,80,20,0,0,0,0,0,0,0,2,-0.432,-0.432,12.044,12.044,48334.4,48334.4,-8.94E-06,0.000249181,-8.94E-06,0.000249181,0,-20,-20,0,0,0,0,-20,-20
Poly 85 5(mg/mL) ,9.1,11.38,349,12.57,379.1,1.6,4612525,1.250549451,400,80,20,0,0,0,0,0,0,0,5,-0.432,-0.432,12.044,12.044,48334.4,48334.4,-8.94E-06,0.000249181,-8.94E-06,0.000249181,0,-20,-20,0,0,0,0,-20,-20
Poly 86 1(mg/mL) ,9.9,11.27,348,11.65,325.8,1.7,4685517,1.138383838,400,90,10,0,0,0,0,0,0,0,1,-0.131,-0.131,11.377,11.377,43991.2,43991.2,-2.98E-06,0.00025862,-2.98E-06,0.00025862,0,-10,-10,0,0,0,0,-10,-10
Poly 86 2(mg/mL) ,10,11.11,327,12.12,359.4,1.8,4491052,1.111,400,90,10,0,0,0,0,0,0,0,2,-0.131,-0.131,11.377,11.377,43991.2,43991.2,-2.98E-06,0.00025862,-2.98E-06,0.00025862,0,-10,-10,0,0,0,0,-10,-10
Poly 86 5(mg/mL) ,7.5,11.67,376,11.56,354.1,1.6,6372442,1.556,400,90,10,0,0,0,0,0,0,0,5,-0.131,-0.131,11.377,11.377,43991.2,43991.2,-2.98E-06,0.00025862,-2.98E-06,0.00025862,0,-10,-10,0,0,0,0,-10,-10
Poly 88 1(mg/mL) ,9.5,13.15,375,17.26,455,2.4,15263401,1.384210526,200,75,5,20,0,0,0,0,0,0,1,0.2475,0.2475,10.5615,10.5615,20949.8,20949.8,1.18E-05,0.000504134,1.18E-05,0.000504134,0,-5,-5,0,0,0,0,-5,-5
Poly 89 1(mg/mL) ,9.4,11.26,358,11.12,303.1,1.3,6485329,1.19787234,200,80,20,0,0,0,0,0,0,0,1,-0.432,-0.432,12.044,12.044,24167.2,24167.2,-1.79E-05,0.000498361,-1.79E-05,0.000498361,0,-20,-20,0,0,0,0,-20,-20
Poly 89 2(mg/mL) ,11.8,10.96,350,11.02,318.9,2.3,5470110,0.928813559,200,80,20,0,0,0,0,0,0,0,2,-0.432,-0.432,12.044,12.044,24167.2,24167.2,-1.79E-05,0.000498361,-1.79E-05,0.000498361,0,-20,-20,0,0,0,0,-20,-20
Poly 89 5(mg/mL) ,10.5,9.69,282,9.76,279.3,2.5,5456677,0.922857143,200,80,20,0,0,0,0,0,0,0,5,-0.432,-0.432,12.044,12.044,24167.2,24167.2,-1.79E-05,0.000498361,-1.79E-05,0.000498361,0,-20,-20,0,0,0,0,-20,-20
Poly 90 1(mg/mL) ,8.9,9.05,247,10.29,297.7,2.5,7455712,1.016853933,200,90,10,0,0,0,0,0,0,0,1,-0.131,-0.131,11.377,11.377,21995.6,21995.6,-5.96E-06,0.00051724,-5.96E-06,0.00051724,0,-10,-10,0,0,0,0,-10,-10
Poly 90 2(mg/mL) ,9.5,10.11,306,10.36,302.6,2.6,6780996,1.064210526,200,90,10,0,0,0,0,0,0,0,2,-0.131,-0.131,11.377,11.377,21995.6,21995.6,-5.96E-06,0.00051724,-5.96E-06,0.00051724,0,-10,-10,0,0,0,0,-10,-10
Poly 90 5(mg/mL) ,10.2,10.46,344,10.29,298.5,2.6,7544251,1.025490196,200,90,10,0,0,0,0,0,0,0,5,-0.131,-0.131,11.377,11.377,21995.6,21995.6,-5.96E-06,0.00051724,-5.96E-06,0.00051724,0,-10,-10,0,0,0,0,-10,-10
Poly 91 1(mg/mL) ,7.5,10.77,310,11.22,300.5,1.8,10759927,1.436,300,55,25,20,0,0,0,0,0,0,1,-0.3545,-0.3545,11.8955,11.8955,37939.5,37939.5,-9.34E-06,0.000313539,-9.34E-06,0.000313539,0,-25,-25,0,0,0,0,-25,-25
Poly 93 1(mg/mL) ,9.9,11.55,360,11.65,343.7,2.2,4209733,1.166666667,300,65,15,20,0,0,0,0,0,0,1,-0.0535,-0.0535,11.2285,11.2285,34682.1,34682.1,-1.54E-06,0.000323755,-1.54E-06,0.000323755,0,-15,-15,0,0,0,0,-15,-15
Poly 93 2(mg/mL) ,10.8,11.51,361,10.8,304.1,1.7,3339591,1.065740741,300,65,15,20,0,0,0,0,0,0,2,-0.0535,-0.0535,11.2285,11.2285,34682.1,34682.1,-1.54E-06,0.000323755,-1.54E-06,0.000323755,0,-15,-15,0,0,0,0,-15,-15
Poly 93 5(mg/mL) ,12.5,12.11,417,11.68,352.4,1.8,4178278,0.9688,300,65,15,20,0,0,0,0,0,0,5,-0.0535,-0.0535,11.2285,11.2285,34682.1,34682.1,-1.54E-06,0.000323755,-1.54E-06,0.000323755,0,-15,-15,0,0,0,0,-15,-15
Poly 94 1(mg/mL),9.3,10.89,362,10.83,313.3,1.6,5204875,1.170967742,300,70,30,0,0,0,0,0,0,0,1,-0.733,-0.733,12.711,12.711,39508.2,39508.2,-1.86E-05,0.000321731,-1.86E-05,0.000321731,0,-30,-30,0,0,0,0,-30,-30
Poly 94 2(mg/mL) ,13.2,13.08,463,10.91,325.4,1.5,3588455,0.990909091,300,70,30,0,0,0,0,0,0,0,2,-0.733,-0.733,12.711,12.711,39508.2,39508.2,-1.86E-05,0.000321731,-1.86E-05,0.000321731,0,-30,-30,0,0,0,0,-30,-30
Poly 94 5(mg/mL) ,11.3,10.72,347,10.59,325.4,1.6,5078497,0.948672566,300,70,30,0,0,0,0,0,0,0,5,-0.733,-0.733,12.711,12.711,39508.2,39508.2,-1.86E-05,0.000321731,-1.86E-05,0.000321731,0,-30,-30,0,0,0,0,-30,-30
Poly 95 1(mg/mL) ,9.2,12.51,393,12.26,358.3,2.4,4331671,1.359782609,300,75,15,0,10,0,0,0,0,0,1,-0.0355,-0.0355,11.2805,11.2805,35914.5,35914.5,-9.88E-07,0.000314093,-9.88E-07,0.000314093,0,-15,-15,0,0,0,0,-15,-15
Poly 95 2(mg/mL) ,10.9,10.94,356,10.5,304.7,1.8,3529971,1.003669725,300,75,15,0,10,0,0,0,0,0,2,-0.0355,-0.0355,11.2805,11.2805,35914.5,35914.5,-9.88E-07,0.000314093,-9.88E-07,0.000314093,0,-15,-15,0,0,0,0,-15,-15
Poly 95 5(mg/mL) ,10.2,11.48,401,10.85,336,1.6,3280229,1.125490196,300,75,15,0,10,0,0,0,0,0,5,-0.0355,-0.0355,11.2805,11.2805,35914.5,35914.5,-9.88E-07,0.000314093,-9.88E-07,0.000314093,0,-15,-15,0,0,0,0,-15,-15
Poly 96 1(mg/mL) ,7.9,12.45,395,15.42,395.1,1.6,13888485,1.575949367,300,75,15,10,0,0,0,0,0,0,1,-0.1675,-0.1675,11.4695,11.4695,34652.1,34652.1,-4.83E-06,0.00033099,-4.83E-06,0.00033099,0,-15,-15,0,0,0,0,-15,-15
Poly 96 2(mg/mL) ,8.7,14.82,414,17.45,465.8,2.3,15186115,1.703448276,300,75,15,10,0,0,0,0,0,0,2,-0.1675,-0.1675,11.4695,11.4695,34652.1,34652.1,-4.83E-06,0.00033099,-4.83E-06,0.00033099,0,-15,-15,0,0,0,0,-15,-15
Poly 96 5(mg/mL) ,10.3,13.17,400,13.76,388.6,1.6,6233112,1.278640777,300,75,15,10,0,0,0,0,0,0,5,-0.1675,-0.1675,11.4695,11.4695,34652.1,34652.1,-4.83E-06,0.00033099,-4.83E-06,0.00033099,0,-15,-15,0,0,0,0,-15,-15
Poly 97 10(mg/mL) ,8.5,10.02,312,14.5,466.3,2.2,2764460,1.178823529,300,75,5,0,20,0,0,0,0,0,10,0.5115,0.5115,10.1835,10.1835,33949.5,33949.5,1.51E-05,0.00029996,1.51E-05,0.00029996,0,-5,-5,0,0,0,0,-5,-5
Poly 97 2(mg/mL) ,10.9,9.55,308,9.32,273.5,2,1827881,0.876146789,300,75,5,0,20,0,0,0,0,0,2,0.5115,0.5115,10.1835,10.1835,33949.5,33949.5,1.51E-05,0.00029996,1.51E-05,0.00029996,0,-5,-5,0,0,0,0,-5,-5
Poly 97 5(mg/mL) ,16.4,13.39,486,11.43,349.9,2.1,3205896,0.816463415,300,75,5,0,20,0,0,0,0,0,5,0.5115,0.5115,10.1835,10.1835,33949.5,33949.5,1.51E-05,0.00029996,1.51E-05,0.00029996,0,-5,-5,0,0,0,0,-5,-5
Poly 98 1(mg/mL) ,9.4,9.73,301,12,353.8,1.8,4157214,1.035106383,300,75,5,20,0,0,0,0,0,0,1,0.2475,0.2475,10.5615,10.5615,31424.7,31424.7,7.88E-06,0.000336089,7.88E-06,0.000336089,0,-5,-5,0,0,0,0,-5,-5
Poly 98 2(mg/mL) ,11.3,11.8,388,11.38,333,2,5186475,1.044247788,300,75,5,20,0,0,0,0,0,0,2,0.2475,0.2475,10.5615,10.5615,31424.7,31424.7,7.88E-06,0.000336089,7.88E-06,0.000336089,0,-5,-5,0,0,0,0,-5,-5
Poly 98 5(mg/mL) ,6.6,11.05,334,12.23,367.5,1.8,7918703,1.674242424,300,75,5,20,0,0,0,0,0,0,5,0.2475,0.2475,10.5615,10.5615,31424.7,31424.7,7.88E-06,0.000336089,7.88E-06,0.000336089,0,-5,-5,0,0,0,0,-5,-5
PEG 107 1(mg/mL) ,6.139052523,5.41,150,11.35,321.9,1.9,2399335,0.881243479,300,80,5,0,10,5,5,5,0,0,1,0.270526316,0.269545455,10.60842105,12.95045455,31170.3,68062.2,3.97E-06,0.000340337,3.96E-06,0.000190274,0,-5,-5,0,0,0,0,-5,-5
PEG 107 2(mg/mL) ,6.685647024,7.05,236,11.41,340.7,1.8,1367241,1.054497788,300,80,5,0,10,5,5,5,0,0,2,0.270526316,0.269545455,10.60842105,12.95045455,31170.3,68062.2,3.97E-06,0.000340337,3.96E-06,0.000190274,0,-5,-5,0,0,0,0,-5,-5
PEG 107 5(mg/mL) ,7.166945743,5.86,211,5.6,178.8,2.2,484096,0.817642579,300,80,5,0,10,5,5,5,0,0,5,0.270526316,0.269545455,10.60842105,12.95045455,31170.3,68062.2,3.97E-06,0.000340337,3.96E-06,0.000190274,0,-5,-5,0,0,0,0,-5,-5
PEG 109 2(mg/mL) ,7.095006366,6.53,207,9.99,295.9,1.4,630099,0.920365629,200,93,5,0,0,2,2,2,0,0,2,0.016428571,0.030673077,11.05030612,12.01567308,20513.32,30351.16,5.41E-07,0.000538689,1.01E-06,0.000395888,0,-5,-5,0,0,0,0,-5,-5
PEG 109 5(mg/mL) ,7.563534206,9.49,278,13.33,364.3,1.7,2890470,1.254704447,200,93,5,0,0,2,2,2,0,0,5,0.016428571,0.030673077,11.05030612,12.01567308,20513.32,30351.16,5.41E-07,0.000538689,1.01E-06,0.000395888,0,-5,-5,0,0,0,0,-5,-5
PEG 110 1(mg/mL) ,6.867961867,13.9,467,14.75,383.3,1.5,6314237,2.023890096,200,90,5,0,0,5,5,5,0,0,1,0.011578947,0.045909091,11.06105263,13.34136364,19918.6,44513.2,2.60E-07,0.000555313,1.03E-06,0.000299717,0,-5,-5,0,0,0,0,-5,-5
PEG 110 2(mg/mL) ,7.681470629,9.71,314,9.54,273.2,1.9,1247772,1.26408086,200,90,5,0,0,5,5,5,0,0,2,0.011578947,0.045909091,11.06105263,13.34136364,19918.6,44513.2,2.60E-07,0.000555313,1.03E-06,0.000299717,0,-5,-5,0,0,0,0,-5,-5
PEG 114 1(mg/mL)  (Incomplete),7.924613184,6.95,214,8.22,285.4,3.3,480349,0.877014416,200,75,15,0,0,10,10,10,0,0,1,-0.331666667,-0.182916667,11.82166667,15.81208333,21099,70288.2,-4.72E-06,0.000560295,-2.60E-06,0.000224961,0,-15,-15,0,0,0,0,-15,-15
PEG 114 2(mg/mL)  (Incomplete),10.17942516,8.65,288,9.34,325.8,3.8,723689,0.849753288,200,75,15,0,0,10,10,10,0,0,2,-0.331666667,-0.182916667,11.82166667,15.81208333,21099,70288.2,-4.72E-06,0.000560295,-2.60E-06,0.000224961,0,-15,-15,0,0,0,0,-15,-15
PEG 115 1(mg/mL)  (Incomplete),9.4,14.19,369,15.36,400.2,1.7,11843622,1.509574468,200,73,25,0,0,2,2,2,0,0,1,-0.597857143,-0.548173077,12.41153061,13.29836538,24856.52,34694.36,-1.72E-05,0.000499327,-1.58E-05,0.0003833,0,-25,-25,0,0,0,0,-25,-25
PEG 115 2(mg/mL) ,8.210914127,6.84,208,6.77,193.8,1.5,2255182,0.833037576,200,73,25,0,0,2,2,2,0,0,2,-0.597857143,-0.548173077,12.41153061,13.29836538,24856.52,34694.36,-1.72E-05,0.000499327,-1.58E-05,0.0003833,0,-25,-25,0,0,0,0,-25,-25
PEG 115 5(mg/mL)  (Incomplete),11,9.21,277,13.91,383.6,1.8,2103368,0.837272727,200,73,25,0,0,2,2,2,0,0,5,-0.597857143,-0.548173077,12.41153061,13.29836538,24856.52,34694.36,-1.72E-05,0.000499327,-1.58E-05,0.0003833,0,-25,-25,0,0,0,0,-25,-25
PEG 116 1(mg/mL) ,9.8,9.98,302,11.3,359.9,2.9,3068336,1.018367347,200,70,25,0,0,5,5,5,0,0,1,-0.622105263,-0.501363636,12.46526316,14.55409091,24261.8,48856.4,-1.27E-05,0.000513781,-1.03E-05,0.000297895,0,-25,-25,0,0,0,0,-25,-25
PEG 116 2(mg/mL) ,8,11.51,373,13.4,467.6,2.9,3505493,1.43875,200,70,25,0,0,5,5,5,0,0,2,-0.622105263,-0.501363636,12.46526316,14.55409091,24261.8,48856.4,-1.27E-05,0.000513781,-1.03E-05,0.000297895,0,-25,-25,0,0,0,0,-25,-25
PEG 116 5(mg/mL) ,9.2,11.6,370,13.12,451.2,2.9,5905305,1.260869565,200,70,25,0,0,5,5,5,0,0,5,-0.622105263,-0.501363636,12.46526316,14.55409091,24261.8,48856.4,-1.27E-05,0.000513781,-1.03E-05,0.000297895,0,-25,-25,0,0,0,0,-25,-25
PEG 118 1(mg/mL) ,7.663903216,6.08,186,12.18,332.6,1.6,1901478,0.793329434,200,88,5,5,0,2,2,2,0,0,1,0.074591837,0.085480769,10.92734694,11.89980769,20523.32,30361.16,2.46E-06,0.000532436,2.82E-06,0.000391942,0,-5,-5,0,0,0,0,-5,-5
PEG 118 5(mg/mL) ,8.705582811,6.5,217,6.27,202.1,1.7,341772,0.746647311,200,88,5,5,0,2,2,2,0,0,5,0.074591837,0.085480769,10.92734694,11.89980769,20523.32,30361.16,2.46E-06,0.000532436,2.82E-06,0.000391942,0,-5,-5,0,0,0,0,-5,-5
PEG 119 5(mg/mL) ,8.783677825,6.44,217,6.42,201.8,2.2,358140,0.733178075,200,85,5,5,0,5,5,5,0,0,5,0.071578947,0.097727273,10.93421053,13.23181818,19928.6,44523.2,1.61E-06,0.000548669,2.19E-06,0.000297189,0,-5,-5,0,0,0,0,-5,-5
PEG 122 1(mg/mL) ,6.395607,6.39,221,12.71,361.7,2,927329,0.999123304,200,80,5,10,0,5,5,5,0,0,1,0.131578947,0.149545455,10.80736842,13.12227273,19938.6,44533.2,2.95E-06,0.000542032,3.36E-06,0.000294663,0,-5,-5,0,0,0,0,-5,-5
PEG 122 2(mg/mL) ,8.218910037,7.26,243,11.89,369.2,2.5,769948,0.883328807,200,80,5,10,0,5,5,5,0,0,2,0.131578947,0.149545455,10.80736842,13.12227273,19938.6,44533.2,2.95E-06,0.000542032,3.36E-06,0.000294663,0,-5,-5,0,0,0,0,-5,-5
PEG 122 5(mg/mL) ,10.90135981,8.16,288,8.46,289.4,2.6,439972,0.748530472,200,80,5,10,0,5,5,5,0,0,5,0.131578947,0.149545455,10.80736842,13.12227273,19938.6,44533.2,2.95E-06,0.000542032,3.36E-06,0.000294663,0,-5,-5,0,0,0,0,-5,-5
PEG 124 5(mg/mL) ,9.127863386,9.05,298,9.28,279,1.6,2828699,0.991469703,200,88,5,0,5,2,2,2,0,0,5,0.141938776,0.148942308,10.83091837,11.80894231,20944.12,30781.96,4.61E-06,0.000517134,4.84E-06,0.000383632,0,-5,-5,0,0,0,0,-5,-5
PEG 129 5(mg/mL) ,10.4,9.62,326,9.56,305.5,1.5,2214599,0.925,200,75,5,0,10,10,10,10,0,0,5,0.276111111,0.272916667,10.60277778,14.89791667,19789,68978.2,4.00E-06,0.000535791,3.96E-06,0.00021598,0,-5,-5,0,0,0,0,-5,-5
PEG 130 2(mg/mL) ,6.783864245,6.22,242,4.73,144,2.2,674106,0.916881555,400,68,25,5,0,2,2,2,0,0,2,-0.539693878,-0.493365385,12.28857143,13.1825,49733.04,69408.72,-7.78E-06,0.000247091,-7.11E-06,0.000189926,0,-25,-25,0,0,0,0,-25,-25
PEG 131 1(mg/mL) ,8.20095242,7.71,238,7.96,228,1.9,4958637,0.940134707,400,65,25,5,0,5,5,5,0,0,1,-0.562105263,-0.449545455,12.33842105,14.44454545,48543.6,97732.8,-5.75E-06,0.000254172,-4.60E-06,0.000147796,0,-25,-25,0,0,0,0,-25,-25
PEG 131 2(mg/mL) ,9.2,7.78,263,7.41,225.3,1.6,2022329,0.845652174,400,65,25,5,0,5,5,5,0,0,2,-0.562105263,-0.449545455,12.33842105,14.44454545,48543.6,97732.8,-5.75E-06,0.000254172,-4.60E-06,0.000147796,0,-25,-25,0,0,0,0,-25,-25
PEG 131 5(mg/mL) ,9.3,7.29,236,7.76,258,1.8,881512,0.783870968,400,65,25,5,0,5,5,5,0,0,5,-0.562105263,-0.449545455,12.33842105,14.44454545,48543.6,97732.8,-5.75E-06,0.000254172,-4.60E-06,0.000147796,0,-25,-25,0,0,0,0,-25,-25
PEG 133 1(mg/mL) ,9.880298183,7.11,211,7.13,196.8,1.5,1312173,0.719613909,400,63,25,10,0,2,2,2,0,0,1,-0.481530612,-0.438557692,12.16561224,13.06663462,49753.04,69428.72,-6.94E-06,0.00024452,-6.32E-06,0.000188202,0,-25,-25,0,0,0,0,-25,-25
PEG 133 2(mg/mL) ,9.99656594,8.36,270,8.5,248.1,1.6,1400754,0.836287186,400,63,25,10,0,2,2,2,0,0,2,-0.481530612,-0.438557692,12.16561224,13.06663462,49753.04,69428.72,-6.94E-06,0.00024452,-6.32E-06,0.000188202,0,-25,-25,0,0,0,0,-25,-25
PEG 133 5(mg/mL)  (Incomplete),10.64626934,8.31,257,9.27,299,1.8,1431525,0.780555116,400,63,25,10,0,2,2,2,0,0,5,-0.481530612,-0.438557692,12.16561224,13.06663462,49753.04,69428.72,-6.94E-06,0.00024452,-6.32E-06,0.000188202,0,-25,-25,0,0,0,0,-25,-25
PEG 134 2(mg/mL) ,8.516490839,10.18,361,6.3,186.5,1.8,2273358,1.195328004,400,60,25,10,0,5,5,5,0,0,2,-0.502105263,-0.397727273,12.21157895,14.335,48563.6,97752.8,-5.14E-06,0.000251455,-4.07E-06,0.000146645,0,-25,-25,0,0,0,0,-25,-25
PEG 134 5(mg/mL) ,11.33869956,10.93,340,6.84,218.6,1.4,492443,0.963955341,400,60,25,10,0,5,5,5,0,0,5,-0.502105263,-0.397727273,12.21157895,14.335,48563.6,97752.8,-5.14E-06,0.000251455,-4.07E-06,0.000146645,0,-25,-25,0,0,0,0,-25,-25
PEG 80 1(mg/mL) ,7.180902222,6.78,235,5.8,172,1.7,1022527,0.944171051,200,95,0,0,0,5,5,5,0,0,1,0.17,0.182727273,10.71,13.03818182,18832.8,43427.4,3.91E-06,0.000568689,4.21E-06,0.000300229,0,0,0,0,0,0,0,0,0
PEG 80 2(mg/mL) ,7.73709704,7.61,259,7.23,229.1,1.7,744645,0.983573033,200,95,0,0,0,5,5,5,0,0,2,0.17,0.182727273,10.71,13.03818182,18832.8,43427.4,3.91E-06,0.000568689,4.21E-06,0.000300229,0,0,0,0,0,0,0,0,0
PEG 80 5(mg/mL) ,7.925169226,7.6,274,7.15,225.8,2.1,606275,0.958970059,200,95,0,0,0,5,5,5,0,0,5,0.17,0.182727273,10.71,13.03818182,18832.8,43427.4,3.91E-06,0.000568689,4.21E-06,0.000300229,0,0,0,0,0,0,0,0,0
PEG 81 1(mg/mL) ,8.262309844,8.07,264,7.67,208.3,1.9,1099217,0.976724445,200,90,0,0,0,10,10,10,0,0,1,0.17,0.193333333,10.71,14.97833333,17841.6,67030.8,2.54E-06,0.000600282,2.88E-06,0.000223454,0,0,0,0,0,0,0,0,0
PEG 81 2(mg/mL) ,8.908260851,8.18,258,8.06,226.6,1.8,4755304,0.918248818,200,90,0,0,0,10,10,10,0,0,2,0.17,0.193333333,10.71,14.97833333,17841.6,67030.8,2.54E-06,0.000600282,2.88E-06,0.000223454,0,0,0,0,0,0,0,0,0
PEG 81 5(mg/mL) ,9.797413617,10.8,360,10.84,329.3,1.4,4349100,1.10233174,200,90,0,0,0,10,10,10,0,0,5,0.17,0.193333333,10.71,14.97833333,17841.6,67030.8,2.54E-06,0.000600282,2.88E-06,0.000223454,0,0,0,0,0,0,0,0,0
PEG 84 1(mg/mL)  (Incomplete),9.108509406,12.98,371,13.36,348.7,1.7,5079374,1.425041071,200,75,0,12,3,10,10,10,0,0,1,0.404,0.368833333,10.24533333,14.62983333,18124.08,67313.28,6.00E-06,0.000565288,5.48E-06,0.000217339,0,0,0,0,0,0,0,0,0
PEG 84 2(mg/mL)  (Incomplete),9.420395304,9.77,327,9.43,265.6,1.7,4629848,1.037111468,200,75,0,12,3,10,10,10,0,0,2,0.404,0.368833333,10.24533333,14.62983333,18124.08,67313.28,6.00E-06,0.000565288,5.48E-06,0.000217339,0,0,0,0,0,0,0,0,0
PEG 84 5(mg/mL) ,10.68583718,10.8,371,9.2,261.3,1.7,3207339,1.010683563,200,75,0,12,3,10,10,10,0,0,5,0.404,0.368833333,10.24533333,14.62983333,18124.08,67313.28,6.00E-06,0.000565288,5.48E-06,0.000217339,0,0,0,0,0,0,0,0,0
PEG 85 1(mg/mL) ,9.740317771,12.61,385,12.99,352.4,1.3,5003095,1.294618954,400,98,0,0,0,2,2,2,0,0,1,0.17,0.175384615,10.71,11.695,38855.04,58530.72,2.90E-06,0.00027564,3.00E-06,0.00019981,0,0,0,0,0,0,0,0,0
PEG 85 2(mg/mL) ,10.30552936,7.55,269,6.35,194.1,1.8,868254,0.732616418,400,98,0,0,0,2,2,2,0,0,2,0.17,0.175384615,10.71,11.695,38855.04,58530.72,2.90E-06,0.00027564,3.00E-06,0.00019981,0,0,0,0,0,0,0,0,0
PEG 85 5(mg/mL) ,10.5032709,7.66,256,6.86,201.4,1.9,863421,0.729296623,400,98,0,0,0,2,2,2,0,0,5,0.17,0.175384615,10.71,11.695,38855.04,58530.72,2.90E-06,0.00027564,3.00E-06,0.00019981,0,0,0,0,0,0,0,0,0
PEG 86 2(mg/mL) ,7.8,8.09,269,7.35,207.5,1.7,2045793,1.037179487,400,95,0,0,0,5,5,5,0,0,2,0.17,0.182727273,10.71,13.03818182,37665.6,86854.8,1.96E-06,0.000284344,2.10E-06,0.000150115,0,0,0,0,0,0,0,0,0
PEG 88 1(mg/mL) ,8.237731173,13.46,486,11.46,312.7,1.5,3175670,1.633945041,300,93,5,0,0,2,2,2,0,0,1,0.016428571,0.030673077,11.05030612,12.01567308,30769.98,45526.74,3.61E-07,0.000359126,6.74E-07,0.000263926,0,-5,-5,0,0,0,0,-5,-5
PEG 88 2(mg/mL) ,8.745049417,9.67,321,8.75,248.6,1.5,1946953,1.10576848,300,93,5,0,0,2,2,2,0,0,2,0.016428571,0.030673077,11.05030612,12.01567308,30769.98,45526.74,3.61E-07,0.000359126,6.74E-07,0.000263926,0,-5,-5,0,0,0,0,-5,-5
PEG 88 5(mg/mL) ,9.83022162,9.65,329,9.21,290,1.7,1271421,0.981666576,300,93,5,0,0,2,2,2,0,0,5,0.016428571,0.030673077,11.05030612,12.01567308,30769.98,45526.74,3.61E-07,0.000359126,6.74E-07,0.000263926,0,-5,-5,0,0,0,0,-5,-5
PEG 89 2(mg/mL)  (Incomplete),9.284538118,7.43,214,8.7,249.4,2,501020,0.80025521,300,90,5,0,0,5,5,5,0,0,2,0.011578947,0.045909091,11.06105263,13.34136364,29877.9,66769.8,1.73E-07,0.000370209,6.88E-07,0.000199811,0,-5,-5,0,0,0,0,-5,-5
PEG 89 5(mg/mL) ,10.88192081,8.91,298,8.76,272.6,1.4,1434794,0.81878927,300,90,5,0,0,5,5,5,0,0,5,0.011578947,0.045909091,11.06105263,13.34136364,29877.9,66769.8,1.73E-07,0.000370209,6.88E-07,0.000199811,0,-5,-5,0,0,0,0,-5,-5
PEG 142 2(mg/mL) ,10.49819014,10.9,294,6.91,183,1.4,5649934,1.038274203,400,93,5,0,0,2,2,2,0,0,2,0.016428571,0.030673077,11.05030612,12.01567308,41026.64,60702.32,2.71E-07,0.000269345,5.05E-07,0.000197944,0,-5,-5,0,0,0,0,-5,-5
PEG 142 5(mg/mL) ,11.61269407,8.96,257,8.92,246.3,1.5,8983783,0.771569452,400,93,5,0,0,2,2,2,0,0,5,0.016428571,0.030673077,11.05030612,12.01567308,41026.64,60702.32,2.71E-07,0.000269345,5.05E-07,0.000197944,0,-5,-5,0,0,0,0,-5,-5
PEG 143 2(mg/mL) ,9.6,9.61,301,9.86,272.5,2.3,21399371,1.001041667,400,90,5,0,0,5,5,5,0,0,2,0.011578947,0.045909091,11.06105263,13.34136364,39837.2,89026.4,1.30E-07,0.000277656,5.16E-07,0.000149859,0,-5,-5,0,0,0,0,-5,-5
PEG 143 5(mg/mL) ,9.9,9.01,282,9.13,262.3,1.9,2879952,0.91010101,400,90,5,0,0,5,5,5,0,0,5,0.011578947,0.045909091,11.06105263,13.34136364,39837.2,89026.4,1.30E-07,0.000277656,5.16E-07,0.000149859,0,-5,-5,0,0,0,0,-5,-5
PEG 144 5(mg/mL)  (Incomplete),9.2,11.12,313,9.38,266.5,1.3,4296389,1.208695652,400,85,5,0,0,10,10,10,0,0,5,0.002777778,0.067916667,11.08055556,15.25625,37854.8,136233.2,2.04E-08,0.000292712,4.99E-07,0.000111986,0,-5,-5,0,0,0,0,-5,-5
PEG 145 2(mg/mL) ,10.3,9.97,269,9.8,257.6,1.4,202438,0.967961165,400,83,15,0,0,2,2,2,0,0,2,-0.290714286,-0.25875,11.73091837,12.65701923,45369.84,65045.52,-4.47E-06,0.000258562,-3.98E-06,0.000194587,0,-15,-15,0,0,0,0,-15,-15
PEG 145 5(mg/mL) ,7.9,9.31,308,8.72,251,1.6,6022288,1.178481013,400,83,15,0,0,2,2,2,0,0,5,-0.290714286,-0.25875,11.73091837,12.65701923,45369.84,65045.52,-4.47E-06,0.000258562,-3.98E-06,0.000194587,0,-15,-15,0,0,0,0,-15,-15
PEG 146 5(mg/mL) ,11.5,13.67,386,13.76,356.8,1.9,9456564,1.188695652,400,80,15,0,0,5,5,5,0,0,5,-0.305263158,-0.227727273,11.76315789,13.94772727,44180.4,93369.6,-3.27E-06,0.000266253,-2.44E-06,0.000149382,0,-15,-15,0,0,0,0,-15,-15
PEG 148 5(mg/mL) ,8.5,8.74,256,8.7,238.2,1.5,4832120,1.028235294,400,88,5,5,0,2,2,2,0,0,5,0.074591837,0.085480769,10.92734694,11.89980769,41046.64,60722.32,1.23E-06,0.000266218,1.41E-06,0.000195971,0,-5,-5,0,0,0,0,-5,-5
PEG 149 1(mg/mL) ,10.1,11.18,299,10.74,276.4,1.2,6711918,1.106930693,400,85,5,5,0,5,5,5,0,0,1,0.071578947,0.097727273,10.93421053,13.23181818,39857.2,89046.4,8.04E-07,0.000274335,1.10E-06,0.000148595,0,-5,-5,0,0,0,0,-5,-5
PEG 149 2(mg/mL) ,10.4,10.67,306,10.31,270,1.6,17331014,1.025961538,400,85,5,5,0,5,5,5,0,0,2,0.071578947,0.097727273,10.93421053,13.23181818,39857.2,89046.4,8.04E-07,0.000274335,1.10E-06,0.000148595,0,-5,-5,0,0,0,0,-5,-5
PEG 149 5(mg/mL) ,11.4,11.19,362,11.29,327.3,1.8,3170454,0.981578947,400,85,5,5,0,5,5,5,0,0,5,0.071578947,0.097727273,10.93421053,13.23181818,39857.2,89046.4,8.04E-07,0.000274335,1.10E-06,0.000148595,0,-5,-5,0,0,0,0,-5,-5
PEG 151 1(mg/mL) ,8.4,11.64,298,9.35,236.2,1.1,18243879,1.385714286,400,83,5,10,0,2,2,2,0,0,1,0.132755102,0.140288462,10.80438776,11.78394231,41066.64,60742.32,2.19E-06,0.000263094,2.31E-06,0.000193999,0,-5,-5,0,0,0,0,-5,-5
PEG 151 2(mg/mL) ,8.7,9.73,349,10.2,268.1,1.7,115890,1.118390805,400,83,5,10,0,2,2,2,0,0,2,0.132755102,0.140288462,10.80438776,11.78394231,41066.64,60742.32,2.19E-06,0.000263094,2.31E-06,0.000193999,0,-5,-5,0,0,0,0,-5,-5
PEG 151 5(mg/mL) ,9.1,8.59,272,8.95,255.3,1.6,2767787,0.943956044,400,83,5,10,0,2,2,2,0,0,5,0.132755102,0.140288462,10.80438776,11.78394231,41066.64,60742.32,2.19E-06,0.000263094,2.31E-06,0.000193999,0,-5,-5,0,0,0,0,-5,-5
PEG 152 5(mg/mL) ,10.9,8.91,299,9,255.6,2.1,5897556,0.817431193,400,80,5,10,0,5,5,5,0,0,5,0.131578947,0.149545455,10.80736842,13.12227273,39877.2,89066.4,1.48E-06,0.000271016,1.68E-06,0.000147331,0,-5,-5,0,0,0,0,-5,-5
PEG 154 2(mg/mL) ,10.89089502,9.24,292,13.43,364.3,1.8,5822500,0.84841512,400,88,5,0,5,2,2,2,0,0,2,0.141938776,0.148942308,10.83091837,11.80894231,41888.24,61563.92,2.31E-06,0.000258567,2.42E-06,0.000191816,0,-5,-5,0,0,0,0,-5,-5
PEG 154 5(mg/mL) ,11.08250681,9.4,296,9.53,280.1,1.8,2197323,0.848183553,400,88,5,0,5,2,2,2,0,0,5,0.141938776,0.148942308,10.83091837,11.80894231,41888.24,61563.92,2.31E-06,0.000258567,2.42E-06,0.000191816,0,-5,-5,0,0,0,0,-5,-5
PEG 158 1(mg/mL) ,9.453555018,12.58,352,11.83,308.1,1.5,9501018,1.330716326,400,80,5,0,10,5,5,5,0,0,1,0.270526316,0.269545455,10.60842105,12.95045455,41560.4,90749.6,2.98E-06,0.000255253,2.97E-06,0.000142705,0,-5,-5,0,0,0,0,-5,-5
PEG 158 2(mg/mL)  (Incomplete),10.14688327,9.89,345,8.26,250.6,2.2,820620,0.974683529,400,80,5,0,10,5,5,5,0,0,2,0.270526316,0.269545455,10.60842105,12.95045455,41560.4,90749.6,2.98E-06,0.000255253,2.97E-06,0.000142705,0,-5,-5,0,0,0,0,-5,-5
PEG 158 5(mg/mL) ,10.79392919,9.03,309,8.82,290.7,2,1132432,0.836581364,400,80,5,0,10,5,5,5,0,0,5,0.270526316,0.269545455,10.60842105,12.95045455,41560.4,90749.6,2.98E-06,0.000255253,2.97E-06,0.000142705,0,-5,-5,0,0,0,0,-5,-5
PEG 160 2(mg/mL)  (Incomplete),8.612262322,8.02,282,7.53,219.7,1.4,4286005,0.931230343,200,93,0,5,0,2,2,2,0,0,2,0.228163265,0.230192308,10.58704082,11.57913462,19437.52,29275.36,7.79E-06,0.00054467,7.86E-06,0.000395525,0,0,0,0,0,0,0,0,0
PEG 160 5(mg/mL)  (Incomplete),8.57802722,8.2,289,7.67,231,1.9,884550,0.955930751,200,93,0,5,0,2,2,2,0,0,5,0.228163265,0.230192308,10.58704082,11.57913462,19437.52,29275.36,7.79E-06,0.00054467,7.86E-06,0.000395525,0,0,0,0,0,0,0,0,0
PEG 162 5(mg/mL) ,8.5,7.25,233,7.83,239.9,2,830016,0.852941176,200,85,0,5,0,10,10,10,0,0,5,0.233333333,0.240833333,10.57611111,14.87791667,17851.6,67040.8,3.48E-06,0.000592446,3.59E-06,0.000221923,0,0,0,0,0,0,0,0,0
PEG 163 1(mg/mL) ,6.4,6.89,203,7.16,194.4,1.6,354991,1.0765625,200,88,10,0,0,2,2,2,0,0,1,-0.137142857,-0.114038462,11.39061224,12.33634615,21599.12,31436.96,-4.36E-06,0.000527365,-3.63E-06,0.000392415,0,-10,-10,0,0,0,0,-10,-10
PEG 163 2(mg/mL) ,7.2,8.39,301,6.84,199.3,1.7,988442,1.165277778,200,88,10,0,0,2,2,2,0,0,2,-0.137142857,-0.114038462,11.39061224,12.33634615,21599.12,31436.96,-4.36E-06,0.000527365,-3.63E-06,0.000392415,0,-10,-10,0,0,0,0,-10,-10
PEG 163 5(mg/mL)  (Incomplete),7,7.81,251,9.2,291.9,1.9,923739,1.115714286,200,88,10,0,0,2,2,2,0,0,5,-0.137142857,-0.114038462,11.39061224,12.33634615,21599.12,31436.96,-4.36E-06,0.000527365,-3.63E-06,0.000392415,0,-10,-10,0,0,0,0,-10,-10
PEG 166 1(mg/mL)  (Incomplete),6.7,8.15,247,8.28,228.5,1.8,2566326,1.21641791,200,93,0,0,5,2,2,2,0,0,1,0.295510204,0.293653846,10.49061224,11.48826923,19858.32,29696.16,9.95E-06,0.000528273,9.89E-06,0.00038686,0,0,0,0,0,0,0,0,0
PEG 166 2(mg/mL)  (Incomplete),6.9,7.06,207,7.09,200.9,1.7,1022274,1.023188406,200,93,0,0,5,2,2,2,0,0,2,0.295510204,0.293653846,10.49061224,11.48826923,19858.32,29696.16,9.95E-06,0.000528273,9.89E-06,0.00038686,0,0,0,0,0,0,0,0,0
PEG 166 5(mg/mL) ,7.1,7.79,261,7.64,241.1,1.8,502177,1.097183099,200,93,0,0,5,2,2,2,0,0,5,0.295510204,0.293653846,10.49061224,11.48826923,19858.32,29696.16,9.95E-06,0.000528273,9.89E-06,0.00038686,0,0,0,0,0,0,0,0,0
PEG 167 5(mg/mL) ,8.1,7.68,272,5.87,178.1,2,926388,0.948148148,200,90,0,0,5,5,5,5,0,0,5,0.299473684,0.294545455,10.48368421,12.84272727,19263.6,43858.2,6.83E-06,0.000544222,6.72E-06,0.000292824,0,0,0,0,0,0,0,0,0
PEG 172 1(mg/mL) ,8,12.63,390,8.56,228.7,1.8,420263,1.57875,300,93,0,5,0,2,2,2,0,0,1,0.228163265,0.230192308,10.58704082,11.57913462,29156.28,43913.04,5.20E-06,0.000363114,5.24E-06,0.000263683,0,0,0,0,0,0,0,0,0
PEG 172 2(mg/mL) ,8.2,10.52,328,9.13,251.6,1.8,2524057,1.282926829,300,93,0,5,0,2,2,2,0,0,2,0.228163265,0.230192308,10.58704082,11.57913462,29156.28,43913.04,5.20E-06,0.000363114,5.24E-06,0.000263683,0,0,0,0,0,0,0,0,0
PEG 172 5(mg/mL)  (Incomplete),9.1,8.74,294,8.32,251.6,1.8,1081307,0.96043956,300,93,0,5,0,2,2,2,0,0,5,0.228163265,0.230192308,10.58704082,11.57913462,29156.28,43913.04,5.20E-06,0.000363114,5.24E-06,0.000263683,0,0,0,0,0,0,0,0,0
PEG 173 1(mg/mL) ,7.3,12.37,362,12.55,344.5,1.7,5558437,1.694520548,300,90,0,5,0,5,5,5,0,0,1,0.23,0.234545455,10.58315789,12.92863636,28264.2,65156.1,3.53E-06,0.000374437,3.60E-06,0.000198426,0,0,0,0,0,0,0,0,0
PEG 173 2(mg/mL) ,8.6,8.44,251,11.47,329.2,1.9,1541770,0.981395349,300,90,0,5,0,5,5,5,0,0,2,0.23,0.234545455,10.58315789,12.92863636,28264.2,65156.1,3.53E-06,0.000374437,3.60E-06,0.000198426,0,0,0,0,0,0,0,0,0
PEG 173 5(mg/mL) ,8.4,7.89,254,10.43,335.8,2.1,1048269,0.939285714,300,90,0,5,0,5,5,5,0,0,5,0.23,0.234545455,10.58315789,12.92863636,28264.2,65156.1,3.53E-06,0.000374437,3.60E-06,0.000198426,0,0,0,0,0,0,0,0,0
PEG 174 5(mg/mL) ,9.635577807,8.93,238,11.46,299.9,1.7,10808597,0.92677369,300,85,0,5,0,10,10,10,0,0,5,0.233333333,0.240833333,10.57611111,14.87791667,26777.4,100561.2,2.32E-06,0.000394964,2.39E-06,0.000147949,0,0,0,0,0,0,0,0,0
PEG 175 1(mg/mL) ,6.9,8.22,283,7.1,218.7,1.6,2194581,1.191304348,300,88,0,10,0,2,2,2,0,0,1,0.286326531,0.285,10.46408163,11.46326923,29171.28,43928.04,6.52E-06,0.000358712,6.49E-06,0.000260956,0,0,0,0,0,0,0,0,0
PEG 175 2(mg/mL) ,8.9,8.46,287,7.46,211.8,1.2,1266721,0.950561798,300,88,0,10,0,2,2,2,0,0,2,0.286326531,0.285,10.46408163,11.46326923,29171.28,43928.04,6.52E-06,0.000358712,6.49E-06,0.000260956,0,0,0,0,0,0,0,0,0
PEG 175 5(mg/mL) ,8.1,7.91,241,9.35,272.7,1.6,1234863,0.97654321,300,88,0,10,0,2,2,2,0,0,5,0.286326531,0.285,10.46408163,11.46326923,29171.28,43928.04,6.52E-06,0.000358712,6.49E-06,0.000260956,0,0,0,0,0,0,0,0,0
PEG 176 1(mg/mL) ,7.5,11.24,308,13.67,349.3,1.2,25153501,1.498666667,300,85,0,10,0,5,5,5,0,0,1,0.29,0.286363636,10.45631579,12.81909091,28279.2,65171.1,4.45E-06,0.000369753,4.39E-06,0.000196699,0,0,0,0,0,0,0,0,0
PEG 176 2(mg/mL) ,9.1,11.27,304,14.45,377.5,1.2,16573555,1.238461538,300,85,0,10,0,5,5,5,0,0,2,0.29,0.286363636,10.45631579,12.81909091,28279.2,65171.1,4.45E-06,0.000369753,4.39E-06,0.000196699,0,0,0,0,0,0,0,0,0
PEG 176 5(mg/mL) ,8.8,7.46,232,7.53,215.7,1.8,1362129,0.847727273,300,85,0,10,0,5,5,5,0,0,5,0.29,0.286363636,10.45631579,12.81909091,28279.2,65171.1,4.45E-06,0.000369753,4.39E-06,0.000196699,0,0,0,0,0,0,0,0,0
PEG 177 5(mg/mL) ,9.924974449,9.34,296,9.4,278.5,1.9,3200785,0.941060357,300,80,0,10,0,10,10,10,0,0,5,0.296666667,0.288333333,10.44222222,14.7775,26792.4,100576.2,2.95E-06,0.000389746,2.87E-06,0.000146928,0,0,0,0,0,0,0,0,0
PEG 178 2(mg/mL) ,9.972304477,11.03,354,11.44,312.2,1.4,4267518,1.1060633,300,93,0,0,5,2,2,2,0,0,2,0.295510204,0.293653846,10.49061224,11.48826923,29787.48,44544.24,6.63E-06,0.000352182,6.59E-06,0.000257907,0,0,0,0,0,0,0,0,0
PEG 178 5(mg/mL) ,10.10796313,9.52,336,9.46,305.3,1.8,986917,0.94183169,300,93,0,0,5,2,2,2,0,0,5,0.295510204,0.293653846,10.49061224,11.48826923,29787.48,44544.24,6.63E-06,0.000352182,6.59E-06,0.000257907,0,0,0,0,0,0,0,0,0
PEG 179 1(mg/mL) ,8.2,8.11,229,8.09,217.9,2,5341006,0.98902439,300,90,0,0,5,5,5,5,0,0,1,0.299473684,0.294545455,10.48368421,12.84272727,28895.4,65787.3,4.55E-06,0.000362815,4.48E-06,0.000195216,0,0,0,0,0,0,0,0,0
PEG 181 1(mg/mL) ,8.7,11.2,392,7.8,216.9,1.4,4024939,1.287356322,300,88,0,0,10,2,2,2,0,0,1,0.421020408,0.411923077,10.27122449,11.28153846,30433.68,45190.44,9.32E-06,0.000337495,9.12E-06,0.000249644,0,0,0,0,0,0,0,0,0
PEG 185 1(mg/mL) ,9.9,8.1,249,10.93,305.9,2.1,1614048,0.818181818,400,90,0,5,0,5,5,5,0,0,1,0.23,0.234545455,10.58315789,12.92863636,37685.6,86874.8,2.65E-06,0.000280828,2.70E-06,0.000148819,0,0,0,0,0,0,0,0,0
PEG 185 2(mg/mL) ,10.2,9.37,320,9.18,285.7,1.8,1138292,0.918627451,400,90,0,5,0,5,5,5,0,0,2,0.23,0.234545455,10.58315789,12.92863636,37685.6,86874.8,2.65E-06,0.000280828,2.70E-06,0.000148819,0,0,0,0,0,0,0,0,0
PEG 185 5(mg/mL) ,10.1,9.43,316,9.31,292.2,1.9,901939,0.933663366,400,90,0,5,0,5,5,5,0,0,5,0.23,0.234545455,10.58315789,12.92863636,37685.6,86874.8,2.65E-06,0.000280828,2.70E-06,0.000148819,0,0,0,0,0,0,0,0,0
PEG 187 1(mg/mL) ,9.4,9.76,331,10.05,293,1.8,2085578,1.038297872,400,88,0,10,0,2,2,2,0,0,1,0.286326531,0.285,10.46408163,11.46326923,38895.04,58570.72,4.89E-06,0.000269034,4.87E-06,0.000195717,0,0,0,0,0,0,0,0,0
PEG 187 2(mg/mL) ,9.7,7.64,321,9.21,286.5,1.7,1006229,0.787628866,400,88,0,10,0,2,2,2,0,0,2,0.286326531,0.285,10.46408163,11.46326923,38895.04,58570.72,4.89E-06,0.000269034,4.87E-06,0.000195717,0,0,0,0,0,0,0,0,0
PEG 187 5(mg/mL)  (Incomplete),10.4,10.15,359,9.28,302.3,1.9,657006,0.975961538,400,88,0,10,0,2,2,2,0,0,5,0.286326531,0.285,10.46408163,11.46326923,38895.04,58570.72,4.89E-06,0.000269034,4.87E-06,0.000195717,0,0,0,0,0,0,0,0,0
PEG 188 1(mg/mL) ,10.23911527,9.22,340,7.98,233.6,1.4,3342514,0.900468425,400,85,0,10,0,5,5,5,0,0,1,0.29,0.286363636,10.45631579,12.81909091,37705.6,86894.8,3.34E-06,0.000277315,3.30E-06,0.000147524,0,0,0,0,0,0,0,0,0
PEG 188 2(mg/mL) ,11.00070854,10.66,342,10.2,289.1,1.7,3934672,0.969028491,400,85,0,10,0,5,5,5,0,0,2,0.29,0.286363636,10.45631579,12.81909091,37705.6,86894.8,3.34E-06,0.000277315,3.30E-06,0.000147524,0,0,0,0,0,0,0,0,0
PEG 188 5(mg/mL)  (Incomplete),11.12041025,10.21,344,10.39,333.4,2.1,1624075,0.918131595,400,85,0,10,0,5,5,5,0,0,5,0.29,0.286363636,10.45631579,12.81909091,37705.6,86894.8,3.34E-06,0.000277315,3.30E-06,0.000147524,0,0,0,0,0,0,0,0,0
PEG 190 1(mg/mL)  (Incomplete),10.40789922,10.76,357,9.85,279.3,1.6,618125,1.033830149,400,93,0,0,5,2,2,2,0,0,1,0.295510204,0.293653846,10.49061224,11.48826923,39716.64,59392.32,4.98E-06,0.000264136,4.94E-06,0.00019343,0,0,0,0,0,0,0,0,0
PEG 190 2(mg/mL)  (Incomplete),11.49314278,9.5,320,8.23,238.8,2,1143175,0.82657983,400,93,0,0,5,2,2,2,0,0,2,0.295510204,0.293653846,10.49061224,11.48826923,39716.64,59392.32,4.98E-06,0.000264136,4.94E-06,0.00019343,0,0,0,0,0,0,0,0,0
PEG 191 1(mg/mL) ,10.5,9.66,322,9.35,280.2,1.7,1311572,0.92,400,90,0,0,5,5,5,5,0,0,1,0.299473684,0.294545455,10.48368421,12.84272727,38527.2,87716.4,3.41E-06,0.000272111,3.36E-06,0.000146412,0,0,0,0,0,0,0,0,0
PEG 191 2(mg/mL) ,10.7,7.27,219,10.1,312.3,1.9,453751,0.679439252,400,90,0,0,5,5,5,5,0,0,2,0.299473684,0.294545455,10.48368421,12.84272727,38527.2,87716.4,3.41E-06,0.000272111,3.36E-06,0.000146412,0,0,0,0,0,0,0,0,0
PEG 191 5(mg/mL) ,11.7,9.17,328,8.89,297.7,1.8,743560,0.783760684,400,90,0,0,5,5,5,5,0,0,5,0.299473684,0.294545455,10.48368421,12.84272727,38527.2,87716.4,3.41E-06,0.000272111,3.36E-06,0.000146412,0,0,0,0,0,0,0,0,0
PEG 193 1(mg/mL) ,9.87499646,8.51,299,7.11,205.6,1.7,829559,0.861772461,400,88,0,0,10,2,2,2,0,0,1,0.421020408,0.411923077,10.27122449,11.28153846,40578.24,60253.92,6.99E-06,0.000253121,6.84E-06,0.000187233,0,0,0,0,0,0,0,0,0
PEG 193 2(mg/mL) ,11.29756001,8.76,294,8.5,261.8,2.1,1123447,0.775388667,400,88,0,0,10,2,2,2,0,0,2,0.421020408,0.411923077,10.27122449,11.28153846,40578.24,60253.92,6.99E-06,0.000253121,6.84E-06,0.000187233,0,0,0,0,0,0,0,0,0
PEG 197 1(mg/mL) ,5.995496629,5.23,191,6.91,271.3,3.3,635361,0.872321398,200,70,0,12,13,5,5,5,0,0,1,0.650631579,0.597818182,9.817157895,12.26709091,19976.88,44571.48,1.46E-05,0.000491426,1.34E-05,0.000275223,0,0,0,0,0,0,0,0,0
PEG 197 2(mg/mL) ,6.359982433,4.45,160,7.49,305.3,3.8,421733,0.699687467,200,70,0,12,13,5,5,5,0,0,2,0.650631579,0.597818182,9.817157895,12.26709091,19976.88,44571.48,1.46E-05,0.000491426,1.34E-05,0.000275223,0,0,0,0,0,0,0,0,0
PEG 197 5(mg/mL) ,6.2,4.74,188,7.15,296.8,3.9,529732,0.764516129,200,70,0,12,13,5,5,5,0,0,5,0.650631579,0.597818182,9.817157895,12.26709091,19976.88,44571.48,1.46E-05,0.000491426,1.34E-05,0.000275223,0,0,0,0,0,0,0,0,0
PEG 199 2(mg/mL) ,11,6.8,215,6.81,212.2,3.8,1559082,0.618181818,300,73,0,12,13,2,2,2,0,0,2,0.635918367,0.614423077,9.844489796,10.87942308,30857.4,45614.16,1.39E-05,0.000319032,1.35E-05,0.00023851,0,0,0,0,0,0,0,0,0
PEG 199 5(mg/mL) ,11.2,6.85,220,6.79,208.5,3.9,1622819,0.611607143,300,73,0,12,13,2,2,2,0,0,5,0.635918367,0.614423077,9.844489796,10.87942308,30857.4,45614.16,1.39E-05,0.000319032,1.35E-05,0.00023851,0,0,0,0,0,0,0,0,0
PEG 203 1(mg/mL) ,6.1,4.72,154,4.79,167.1,3.5,355919,0.773770492,400,70,0,12,13,5,5,5,0,0,1,0.650631579,0.597818182,9.817157895,12.26709091,39953.76,89142.96,7.30E-06,0.000245713,6.71E-06,0.000137611,0,0,0,0,0,0,0,0,0
PEG 203 2(mg/mL) ,6,4.73,160,4.88,177.4,3.7,436072,0.788333333,400,70,0,12,13,5,5,5,0,0,2,0.650631579,0.597818182,9.817157895,12.26709091,39953.76,89142.96,7.30E-06,0.000245713,6.71E-06,0.000137611,0,0,0,0,0,0,0,0,0
PEG 203 5(mg/mL) ,6.8,4.53,148,4.78,191.7,3.8,370727,0.666176471,400,70,0,12,13,5,5,5,0,0,5,0.650631579,0.597818182,9.817157895,12.26709091,39953.76,89142.96,7.30E-06,0.000245713,6.71E-06,0.000137611,0,0,0,0,0,0,0,0,0
PEG 70 1(mg/mL) ,11.47262995,10.68,335,10.29,312.6,1.6,945438,0.930911225,300,53,25,12,8,2,2,2,0,0,1,-0.25744898,-0.227403846,11.76540816,12.68951923,38354.7,53111.46,-4.85E-06,0.000306753,-4.28E-06,0.000238922,0,-25,-25,0,0,0,0,-25,-25
PEG 70 2(mg/mL) ,12.29268231,10.35,358,10.07,318.2,2,425992,0.841964328,300,53,25,12,8,2,2,2,0,0,2,-0.25744898,-0.227403846,11.76540816,12.68951923,38354.7,53111.46,-4.85E-06,0.000306753,-4.28E-06,0.000238922,0,-25,-25,0,0,0,0,-25,-25
PEG 70 5(mg/mL) ,12.22449962,10.8,378,10.57,359.8,1.9,542914,0.883471744,300,53,25,12,8,2,2,2,0,0,5,-0.25744898,-0.227403846,11.76540816,12.68951923,38354.7,53111.46,-4.85E-06,0.000306753,-4.28E-06,0.000238922,0,-25,-25,0,0,0,0,-25,-25
PEG 3 1(mg/mL) ,8.7,8.16,258,7.88,237,1.8,2670377,0.937931034,300,90,0,0,0,10,10,10,0,0,1,0.17,0.193333333,10.71,14.97833333,26762.4,100546.2,1.69E-06,0.000400188,1.92E-06,0.00014897,0,0,0,0,0,0,0,0,0
PEG 3 2(mg/mL) ,9.5,12.08,376,12.13,352.5,2.2,2112517,1.271578947,300,90,0,0,0,10,10,10,0,0,2,0.17,0.193333333,10.71,14.97833333,26762.4,100546.2,1.69E-06,0.000400188,1.92E-06,0.00014897,0,0,0,0,0,0,0,0,0
PEG 3 5(mg/mL) ,9.6,9.31,298,10.74,344.5,2.2,1085671,0.969791667,300,90,0,0,0,10,10,10,0,0,5,0.17,0.193333333,10.71,14.97833333,26762.4,100546.2,1.69E-06,0.000400188,1.92E-06,0.00014897,0,0,0,0,0,0,0,0,0
PEG 62 1(mg/mL) ,5.3,7.3,239,7.02,197.6,2,1345840,1.377358491,300,60,25,10,0,5,5,5,0,0,1,-0.502105263,-0.397727273,12.21157895,14.335,36422.7,73314.6,-6.85E-06,0.000335274,-5.42E-06,0.000195527,0,-25,-25,0,0,0,0,-25,-25
PEG 62 2(mg/mL) ,6.7,7.24,211,9.43,269.9,1.6,838372,1.080597015,300,60,25,10,0,5,5,5,0,0,2,-0.502105263,-0.397727273,12.21157895,14.335,36422.7,73314.6,-6.85E-06,0.000335274,-5.42E-06,0.000195527,0,-25,-25,0,0,0,0,-25,-25
PEG 62 5(mg/mL) ,7.3,6.93,222,8.26,271.4,1.5,900201,0.949315068,300,60,25,10,0,5,5,5,0,0,5,-0.502105263,-0.397727273,12.21157895,14.335,36422.7,73314.6,-6.85E-06,0.000335274,-5.42E-06,0.000195527,0,-25,-25,0,0,0,0,-25,-25
PEG 63 1(mg/mL) ,9.2,8.13,270,7.51,217,1.8,1548928,0.883695652,300,55,25,10,0,10,10,10,0,0,1,-0.539444444,-0.33875,12.295,16.16708333,34935.9,108719.7,-4.96E-06,0.00035193,-3.12E-06,0.000148704,0,-25,-25,0,0,0,0,-25,-25
PEG 63 2(mg/mL) ,9.8,7.95,243,9.47,291.4,1.9,696425,0.81122449,300,55,25,10,0,10,10,10,0,0,2,-0.539444444,-0.33875,12.295,16.16708333,34935.9,108719.7,-4.96E-06,0.00035193,-3.12E-06,0.000148704,0,-25,-25,0,0,0,0,-25,-25
PEG 63 5(mg/mL) ,8,7.21,216,9.28,312.3,1.7,539474,0.90125,300,55,25,10,0,10,10,10,0,0,5,-0.539444444,-0.33875,12.295,16.16708333,34935.9,108719.7,-4.96E-06,0.00035193,-3.12E-06,0.000148704,0,-25,-25,0,0,0,0,-25,-25
PEG 64 5(mg/mL) ,9.192951976,8.2,310,7.31,253.3,2.4,168475,0.89198769,300,48,25,22,3,2,2,2,0,0,5,-0.266632653,-0.236057692,11.73887755,12.66451923,37738.5,52495.26,-5.08E-06,0.000311058,-4.50E-06,0.000241251,0,-25,-25,0,0,0,0,-25,-25
PEG 68 5(mg/mL) ,7.3,6.27,229,6.05,198.3,2.2,287756,0.85890411,300,65,25,0,5,5,5,5,0,0,5,-0.492631579,-0.389545455,12.23894737,14.35863636,37038.9,73930.8,-6.66E-06,0.000330435,-5.27E-06,0.000194217,0,-25,-25,0,0,0,0,-25,-25
PEG 71 1(mg/mL) ,8.5,10.05,328,10.12,303.2,1.8,540068,1.182352941,300,50,25,12,8,5,5,5,0,0,1,-0.270947368,-0.198090909,11.79873684,13.97845455,37462.62,74354.52,-3.64E-06,0.000314947,-2.66E-06,0.000187997,0,-25,-25,0,0,0,0,-25,-25
PEG 71 2(mg/mL) ,8.9,10.66,378,10.57,344.6,2,551164,1.197752809,300,50,25,12,8,5,5,5,0,0,2,-0.270947368,-0.198090909,11.79873684,13.97845455,37462.62,74354.52,-3.64E-06,0.000314947,-2.66E-06,0.000187997,0,-25,-25,0,0,0,0,-25,-25
PEG 73 1(mg/mL) ,6.3,8.2,271,7.73,229.3,1.4,2294814,1.301587302,300,63,25,0,10,2,2,2,0,0,1,-0.346836735,-0.311634615,11.9727551,12.88490385,38577.18,53333.94,-6.50E-06,0.000310358,-5.84E-06,0.000241589,0,-25,-25,0,0,0,0,-25,-25
PEG 73 2(mg/mL) ,6.6,8.82,281,8.95,271.6,1.2,601633,1.336363636,300,63,25,0,10,2,2,2,0,0,2,-0.346836735,-0.311634615,11.9727551,12.88490385,38577.18,53333.94,-6.50E-06,0.000310358,-5.84E-06,0.000241589,0,-25,-25,0,0,0,0,-25,-25
PEG 73 5(mg/mL) ,7.7,8.87,309,8.73,291.5,1.8,606385,1.151948052,300,63,25,0,10,2,2,2,0,0,5,-0.346836735,-0.311634615,11.9727551,12.88490385,38577.18,53333.94,-6.50E-06,0.000310358,-5.84E-06,0.000241589,0,-25,-25,0,0,0,0,-25,-25
PEG 74 5(mg/mL) ,6.5,7.35,277,6.18,209.6,2.2,208729,1.130769231,300,60,25,0,10,5,5,5,0,0,5,-0.363157895,-0.277727273,12.01263158,14.16318182,37685.1,74577,-4.87E-06,0.000318763,-3.72E-06,0.000189914,0,-25,-25,0,0,0,0,-25,-25
PEG 76 2(mg/mL) ,7.9,8.15,269,7.91,241.6,2.5,489875,1.03164557,300,48,25,12,13,2,2,2,0,0,2,-0.131938776,-0.109134615,11.54602041,12.48278846,39000.9,53757.66,-2.45E-06,0.000296045,-2.03E-06,0.000232205,0,-25,-25,0,0,0,0,-25,-25
PEG 76 5(mg/mL) ,9.428652961,7.82,282,7.7,256.8,2.5,264298,0.829386767,300,48,25,12,13,2,2,2,0,0,5,-0.131938776,-0.109134615,11.54602041,12.48278846,39000.9,53757.66,-2.45E-06,0.000296045,-2.03E-06,0.000232205,0,-25,-25,0,0,0,0,-25,-25
PEG 10 2(mg/mL),8.3,8.59,292,8.34,271.9,1.8,1263801,1.034939759,300,68,25,5,0,2,2,2,0,0,2,-0.539693878,-0.493365385,12.28857143,13.1825,37299.78,52056.54,-1.04E-05,0.000329454,-9.48E-06,0.000253234,0,-25,-25,0,0,0,0,-25,-25
PEG 10 5(mg/mL),10.2,8.55,286,8.57,273.9,2,576585,0.838235294,300,68,25,5,0,2,2,2,0,0,5,-0.539693878,-0.493365385,12.28857143,13.1825,37299.78,52056.54,-1.04E-05,0.000329454,-9.48E-06,0.000253234,0,-25,-25,0,0,0,0,-25,-25
PEG 13 1(mg/mL) ,11.4,11.71,355,17.09,500.5,2.2,911919,1.027192982,300,58,25,12,3,2,2,2,0,0,1,-0.382959184,-0.345673077,11.98479592,12.89625,37708.5,52465.26,-7.30E-06,0.000317827,-6.59E-06,0.000245806,0,-25,-25,0,0,0,0,-25,-25
PEG 13 2(mg/mL) ,14.3,11.27,381,11.11,355.1,2.3,560846,0.788111888,300,58,25,12,3,2,2,2,0,0,2,-0.382959184,-0.345673077,11.98479592,12.89625,37708.5,52465.26,-7.30E-06,0.000317827,-6.59E-06,0.000245806,0,-25,-25,0,0,0,0,-25,-25
PEG 13 5(mg/mL) ,9.6,8.54,260,12.65,393.2,2.7,466781,0.889583333,300,58,25,12,3,2,2,2,0,0,5,-0.382959184,-0.345673077,11.98479592,12.89625,37708.5,52465.26,-7.30E-06,0.000317827,-6.59E-06,0.000245806,0,-25,-25,0,0,0,0,-25,-25
PEG 14 1(mg/mL) ,7.4,11.78,367,9.07,273.5,1.7,1030336,1.591891892,300,55,25,12,3,5,5,5,0,0,1,-0.400421053,-0.309909091,12.02505263,14.17390909,36816.42,73708.32,-5.43E-06,0.000326622,-4.20E-06,0.000192297,0,-25,-25,0,0,0,0,-25,-25
PEG 14 2(mg/mL) ,9.1,10.96,375,10.7,342.6,1.8,635371,1.204395604,300,55,25,12,3,5,5,5,0,0,2,-0.400421053,-0.309909091,12.02505263,14.17390909,36816.42,73708.32,-5.43E-06,0.000326622,-4.20E-06,0.000192297,0,-25,-25,0,0,0,0,-25,-25
PEG 14 5(mg/mL) ,8.2,9.4,299,11.53,378.3,2.7,391606,1.146341463,300,55,25,12,3,5,5,5,0,0,5,-0.400421053,-0.309909091,12.02505263,14.17390909,36816.42,73708.32,-5.43E-06,0.000326622,-4.20E-06,0.000192297,0,-25,-25,0,0,0,0,-25,-25
PEG 19 1(mg/mL) ,8.7,7.51,227,8.52,265.4,2,819060,0.863218391,300,83,15,0,0,2,2,2,0,0,1,-0.290714286,-0.25875,11.73091837,12.65701923,34027.38,48784.14,-5.96E-06,0.000344749,-5.30E-06,0.000259449,0,-15,-15,0,0,0,0,-15,-15
PEG 19 5(mg/mL) ,8.9,10.74,342,10.53,308.2,1.7,2927200,1.206741573,300,83,15,0,0,2,2,2,0,0,5,-0.290714286,-0.25875,11.73091837,12.65701923,34027.38,48784.14,-5.96E-06,0.000344749,-5.30E-06,0.000259449,0,-15,-15,0,0,0,0,-15,-15
PEG 20 1(mg/mL) ,7.8,7.41,203,12.53,348.1,1.6,4149444,0.95,300,80,15,0,0,5,5,5,0,0,1,-0.305263158,-0.227727273,11.76315789,13.94772727,33135.3,70027.2,-4.36E-06,0.000355004,-3.25E-06,0.000199176,0,-15,-15,0,0,0,0,-15,-15
PEG 20 5(mg/mL) ,6.8,8,225,11.87,327.9,1.9,3727455,1.176470588,300,80,15,0,0,5,5,5,0,0,5,-0.305263158,-0.227727273,11.76315789,13.94772727,33135.3,70027.2,-4.36E-06,0.000355004,-3.25E-06,0.000199176,0,-15,-15,0,0,0,0,-15,-15
PEG 23 2(mg/mL) ,6.2,11.26,340,11.94,321.3,1.3,4332945,1.816129032,300,65,15,12,3,5,5,5,0,0,2,-0.083578947,-0.036272727,11.32294737,13.56754545,33559.02,70450.92,-1.19E-06,0.000337404,-5.15E-07,0.000192582,0,-15,-15,0,0,0,0,-15,-15
PEG 23 5(mg/mL) ,8.9,12.87,420,13.98,404,2,1778758,1.446067416,300,65,15,12,3,5,5,5,0,0,5,-0.083578947,-0.036272727,11.32294737,13.56754545,33559.02,70450.92,-1.19E-06,0.000337404,-5.15E-07,0.000192582,0,-15,-15,0,0,0,0,-15,-15
PEG 24 1(mg/mL) ,10,11.94,397,11.37,315.8,1.7,4042217,1.194,300,60,15,12,3,10,10,10,0,0,1,-0.097666667,-0.007416667,11.357,15.46358333,32072.22,105856.02,-9.23E-07,0.000354107,-7.01E-08,0.000146081,0,-15,-15,0,0,0,0,-15,-15
PEG 24 2(mg/mL) ,8.4,9.52,321,8.55,262.8,1.6,1346641,1.133333333,300,60,15,12,3,10,10,10,0,0,2,-0.097666667,-0.007416667,11.357,15.46358333,32072.22,105856.02,-9.23E-07,0.000354107,-7.01E-08,0.000146081,0,-15,-15,0,0,0,0,-15,-15
PEG 24 5(mg/mL) ,8,8.48,269,8.45,251.9,1.6,1743831,1.06,300,60,15,12,3,10,10,10,0,0,5,-0.097666667,-0.007416667,11.357,15.46358333,32072.22,105856.02,-9.23E-07,0.000354107,-7.01E-08,0.000146081,0,-15,-15,0,0,0,0,-15,-15
PEG 25 1(mg/mL) ,8.1,7.93,242,8.71,262.2,1.4,3427980,0.979012346,200,68,15,12,3,2,2,2,0,0,1,-0.075816327,-0.05625,11.30418367,12.25490385,22967.4,32805.24,-2.31E-06,0.000492184,-1.71E-06,0.000373565,0,-15,-15,0,0,0,0,-15,-15
PEG 25 2(mg/mL) ,7.9,8.69,280,8.63,259.3,1.6,984317,1.1,200,68,15,12,3,2,2,2,0,0,2,-0.075816327,-0.05625,11.30418367,12.25490385,22967.4,32805.24,-2.31E-06,0.000492184,-1.71E-06,0.000373565,0,-15,-15,0,0,0,0,-15,-15
PEG 25 5(mg/mL) ,8.6,10.93,382,10.5,333.9,1.6,1257854,1.270930233,200,68,15,12,3,2,2,2,0,0,5,-0.075816327,-0.05625,11.30418367,12.25490385,22967.4,32805.24,-2.31E-06,0.000492184,-1.71E-06,0.000373565,0,-15,-15,0,0,0,0,-15,-15
PEG 26 1(mg/mL) ,7.8,7.26,213,11.08,323.6,2,3903557,0.930769231,200,65,15,12,3,5,5,5,0,0,1,-0.083578947,-0.036272727,11.32294737,13.56754545,22372.68,46967.28,-1.78E-06,0.000506106,-7.72E-07,0.000288872,0,-15,-15,0,0,0,0,-15,-15
PEG 26 2(mg/mL) ,7.9,8.88,283,11.79,350.8,1.9,1244771,1.124050633,200,65,15,12,3,5,5,5,0,0,2,-0.083578947,-0.036272727,11.32294737,13.56754545,22372.68,46967.28,-1.78E-06,0.000506106,-7.72E-07,0.000288872,0,-15,-15,0,0,0,0,-15,-15
PEG 26 5(mg/mL) ,8.4,8.53,279,8.55,269.9,1.9,714712,1.01547619,200,65,15,12,3,5,5,5,0,0,5,-0.083578947,-0.036272727,11.32294737,13.56754545,22372.68,46967.28,-1.78E-06,0.000506106,-7.72E-07,0.000288872,0,-15,-15,0,0,0,0,-15,-15
PEG 29 1(mg/mL) ,8.9,7.99,258,14.25,425.8,1.7,1873521,0.897752809,400,65,15,12,3,5,5,5,0,0,1,-0.083578947,-0.036272727,11.32294737,13.56754545,44745.36,93934.56,-8.90E-07,0.000253053,-3.86E-07,0.000144436,0,-15,-15,0,0,0,0,-15,-15
PEG 29 2(mg/mL) ,10.8,9.05,296,10.85,351.5,1.9,994807,0.837962963,400,65,15,12,3,5,5,5,0,0,2,-0.083578947,-0.036272727,11.32294737,13.56754545,44745.36,93934.56,-8.90E-07,0.000253053,-3.86E-07,0.000144436,0,-15,-15,0,0,0,0,-15,-15
PEG 29 5(mg/mL) ,8.1,8.43,272,10.54,355.4,2.4,435296,1.040740741,400,65,15,12,3,5,5,5,0,0,5,-0.083578947,-0.036272727,11.32294737,13.56754545,44745.36,93934.56,-8.90E-07,0.000253053,-3.86E-07,0.000144436,0,-15,-15,0,0,0,0,-15,-15
PEG 31 1(mg/mL) ,9.7,11.1,331,13.46,362,1.9,9710017,1.144329897,200,58,25,12,3,2,2,2,0,0,1,-0.382959184,-0.345673077,11.98479592,12.89625,25139,34976.84,-1.09E-05,0.000476741,-9.88E-06,0.000368708,0,-25,-25,0,0,0,0,-25,-25
PEG 31 2(mg/mL) ,9.2,12.73,338,15.29,396,1.4,6183639,1.383695652,200,58,25,12,3,2,2,2,0,0,2,-0.382959184,-0.345673077,11.98479592,12.89625,25139,34976.84,-1.09E-05,0.000476741,-9.88E-06,0.000368708,0,-25,-25,0,0,0,0,-25,-25
PEG 32 1(mg/mL) ,8.3,11.27,379,8.54,229.9,1.9,4304162,1.357831325,200,55,25,12,3,5,5,5,0,0,1,-0.400421053,-0.309909091,12.02505263,14.17390909,24544.28,49138.88,-8.15E-06,0.000489933,-6.31E-06,0.000288446,0,-25,-25,0,0,0,0,-25,-25
PEG 32 2(mg/mL) ,9.2,9.08,294,11.26,325.6,1.9,2289847,0.986956522,200,55,25,12,3,5,5,5,0,0,2,-0.400421053,-0.309909091,12.02505263,14.17390909,24544.28,49138.88,-8.15E-06,0.000489933,-6.31E-06,0.000288446,0,-25,-25,0,0,0,0,-25,-25
PEG 32 5(mg/mL) ,9.3,11.66,396,11.98,340.8,2,2344879,1.253763441,200,55,25,12,3,5,5,5,0,0,5,-0.400421053,-0.309909091,12.02505263,14.17390909,24544.28,49138.88,-8.15E-06,0.000489933,-6.31E-06,0.000288446,0,-25,-25,0,0,0,0,-25,-25
PEG 34 2(mg/mL) ,9.6,9.41,290,9.37,275.9,1.8,4211284,0.980208333,300,58,25,12,3,2,2,2,0,0,2,-0.382959184,-0.345673077,11.98479592,12.89625,37708.5,52465.26,-7.30E-06,0.000317827,-6.59E-06,0.000245806,0,-25,-25,0,0,0,0,-25,-25
PEG 34 5(mg/mL) ,9.2,10.06,332,10.68,346.3,1.6,1294909,1.093478261,300,58,25,12,3,2,2,2,0,0,5,-0.382959184,-0.345673077,11.98479592,12.89625,37708.5,52465.26,-7.30E-06,0.000317827,-6.59E-06,0.000245806,0,-25,-25,0,0,0,0,-25,-25
PEG 35 1(mg/mL) ,7.1,10.3,354,10.05,320.2,1.5,835824,1.450704225,300,55,25,12,3,5,5,5,0,0,1,-0.400421053,-0.309909091,12.02505263,14.17390909,36816.42,73708.32,-5.43E-06,0.000326622,-4.20E-06,0.000192297,0,-25,-25,0,0,0,0,-25,-25
PEG 35 5(mg/mL) ,9.5,9.62,351,9.5,344,2,489137,1.012631579,300,55,25,12,3,5,5,5,0,0,5,-0.400421053,-0.309909091,12.02505263,14.17390909,36816.42,73708.32,-5.43E-06,0.000326622,-4.20E-06,0.000192297,0,-25,-25,0,0,0,0,-25,-25
PEG 39 1(mg/mL) ,9.7,10.13,342,10.24,334.2,2.3,560135,1.044329897,200,45,25,17,3,10,10,10,0,0,1,-0.368777778,-0.21075,11.96422222,15.919,23563.08,72752.28,-5.07E-06,0.000507753,-2.90E-06,0.000218811,0,-25,-25,0,0,0,0,-25,-25
PEG 39 2(mg/mL) ,11,10.96,348,10.34,362.4,2.8,352451,0.996363636,200,45,25,17,3,10,10,10,0,0,2,-0.368777778,-0.21075,11.96422222,15.919,23563.08,72752.28,-5.07E-06,0.000507753,-2.90E-06,0.000218811,0,-25,-25,0,0,0,0,-25,-25
PEG 39 5(mg/mL) ,10.8,9.02,335,8.84,315.1,2.9,239148,0.835185185,200,45,25,17,3,10,10,10,0,0,5,-0.368777778,-0.21075,11.96422222,15.919,23563.08,72752.28,-5.07E-06,0.000507753,-2.90E-06,0.000218811,0,-25,-25,0,0,0,0,-25,-25
PEG 41 1(mg/mL) ,8.6,11.02,374,10.64,328.6,2.1,1389885,1.281395349,400,50,25,17,3,5,5,5,0,0,1,-0.340421053,-0.258090909,11.89821053,14.06436364,49108.56,98297.76,-3.46E-06,0.000242284,-2.63E-06,0.000143079,0,-25,-25,0,0,0,0,-25,-25
PEG 41 2(mg/mL) ,9.3,7.97,283,7.91,265.3,3.2,353210,0.856989247,400,50,25,17,3,5,5,5,0,0,2,-0.340421053,-0.258090909,11.89821053,14.06436364,49108.56,98297.76,-3.46E-06,0.000242284,-2.63E-06,0.000143079,0,-25,-25,0,0,0,0,-25,-25
PEG 43 1(mg/mL) ,6.8,7.99,253,9.38,297.3,1.5,2397104,1.175,200,48,25,22,3,2,2,2,0,0,1,-0.266632653,-0.236057692,11.73887755,12.66451923,25159,34996.84,-7.62E-06,0.000466588,-6.75E-06,0.000361876,0,-25,-25,0,0,0,0,-25,-25
PEG 43 2(mg/mL) ,7.3,8.48,276,8.4,265.7,1.3,3314430,1.161643836,200,48,25,22,3,2,2,2,0,0,2,-0.266632653,-0.236057692,11.73887755,12.66451923,25159,34996.84,-7.62E-06,0.000466588,-6.75E-06,0.000361876,0,-25,-25,0,0,0,0,-25,-25
PEG 43 5(mg/mL) ,8.2,8.91,301,9.81,337.7,1.5,1215748,1.086585366,200,48,25,22,3,2,2,2,0,0,5,-0.266632653,-0.236057692,11.73887755,12.66451923,25159,34996.84,-7.62E-06,0.000466588,-6.75E-06,0.000361876,0,-25,-25,0,0,0,0,-25,-25
PEG 46 1(mg/mL) ,8.7,11.8,367,13.02,342.1,1.2,6761089,1.356321839,400,48,25,22,3,2,2,2,0,0,1,-0.266632653,-0.236057692,11.73887755,12.66451923,50318,69993.68,-3.81E-06,0.000233294,-3.37E-06,0.000180938,0,-25,-25,0,0,0,0,-25,-25
PEG 46 2(mg/mL) ,9.3,11.6,346,11.32,312.5,2.4,2556503,1.247311828,400,48,25,22,3,2,2,2,0,0,2,-0.266632653,-0.236057692,11.73887755,12.66451923,50318,69993.68,-3.81E-06,0.000233294,-3.37E-06,0.000180938,0,-25,-25,0,0,0,0,-25,-25
PEG 46 5(mg/mL) ,9.2,8.1,246,12.74,369.9,2.8,801486,0.880434783,400,48,25,22,3,2,2,2,0,0,5,-0.266632653,-0.236057692,11.73887755,12.66451923,50318,69993.68,-3.81E-06,0.000233294,-3.37E-06,0.000180938,0,-25,-25,0,0,0,0,-25,-25
PEG 47 1(mg/mL) ,8,9.9,264,11.97,305.7,1.4,22701838,1.2375,400,45,25,22,3,5,5,5,0,0,1,-0.280421053,-0.206272727,11.77136842,13.95481818,49128.56,98317.76,-2.85E-06,0.000239603,-2.10E-06,0.000141936,0,-25,-25,0,0,0,0,-25,-25
PEG 47 2(mg/mL) ,7.8,9.74,308,9.14,258.7,1.4,1816156,1.248717949,400,45,25,22,3,5,5,5,0,0,2,-0.280421053,-0.206272727,11.77136842,13.95481818,49128.56,98317.76,-2.85E-06,0.000239603,-2.10E-06,0.000141936,0,-25,-25,0,0,0,0,-25,-25
PEG 47 5(mg/mL) ,8.5,14.6,401,17.37,475.1,2,5491662,1.717647059,400,45,25,22,3,5,5,5,0,0,5,-0.280421053,-0.206272727,11.77136842,13.95481818,49128.56,98317.76,-2.85E-06,0.000239603,-2.10E-06,0.000141936,0,-25,-25,0,0,0,0,-25,-25
PEG 48 2(mg/mL) ,9.1,8.94,304,8.39,260.8,1.8,937499,0.982417582,400,40,25,22,3,10,10,10,0,0,2,-0.305444444,-0.16325,11.83033333,15.81858333,47146.16,145524.56,-2.10E-06,0.000250929,-1.12E-06,0.0001087,0,-25,-25,0,0,0,0,-25,-25
PEG 48 5(mg/mL) ,9.9,8.47,266,11.62,376.5,1.4,4048694,0.855555556,400,40,25,22,3,10,10,10,0,0,5,-0.305444444,-0.16325,11.83033333,15.81858333,47146.16,145524.56,-2.10E-06,0.000250929,-1.12E-06,0.0001087,0,-25,-25,0,0,0,0,-25,-25
PEG 49 2(mg/mL) ,8,12.58,409,14.66,401,1.8,11799371,1.5725,200,53,25,12,8,2,2,2,0,0,2,-0.25744898,-0.227403846,11.76540816,12.68951923,25569.8,35407.64,-7.27E-06,0.000460129,-6.42E-06,0.000358384,0,-25,-25,0,0,0,0,-25,-25
PEG 49 5(mg/mL) ,8.6,11.23,358,14.89,398.2,2,3051550,1.305813953,200,53,25,12,8,2,2,2,0,0,5,-0.25744898,-0.227403846,11.76540816,12.68951923,25569.8,35407.64,-7.27E-06,0.000460129,-6.42E-06,0.000358384,0,-25,-25,0,0,0,0,-25,-25
PEG 50 1(mg/mL) ,8.5,7.42,257,5.22,151,1.3,1585198,0.872941176,200,50,25,12,8,5,5,5,0,0,1,-0.270947368,-0.198090909,11.79873684,13.97845455,24975.08,49569.68,-5.47E-06,0.00047242,-4.00E-06,0.000281996,0,-25,-25,0,0,0,0,-25,-25
PEG 50 2(mg/mL) ,9.6,9.2,298,9.1,265.3,1.6,2191843,0.958333333,200,50,25,12,8,5,5,5,0,0,2,-0.270947368,-0.198090909,11.79873684,13.97845455,24975.08,49569.68,-5.47E-06,0.00047242,-4.00E-06,0.000281996,0,-25,-25,0,0,0,0,-25,-25
PEG 50 5(mg/mL) ,10.4,8.95,309,8.25,268.2,1.7,408517,0.860576923,200,50,25,12,8,5,5,5,0,0,5,-0.270947368,-0.198090909,11.79873684,13.97845455,24975.08,49569.68,-5.47E-06,0.00047242,-4.00E-06,0.000281996,0,-25,-25,0,0,0,0,-25,-25
PEG 51 1(mg/mL) ,7.8,10.89,344,11.03,320.2,1.8,1876654,1.396153846,200,45,25,12,8,10,10,10,0,0,1,-0.295444444,-0.15575,11.85922222,15.84025,23983.88,73173.08,-4.04E-06,0.000494466,-2.13E-06,0.000216476,0,-25,-25,0,0,0,0,-25,-25
PEG 51 2(mg/mL) ,8.1,8.94,283,8.71,256.1,1.7,1221619,1.103703704,200,45,25,12,8,10,10,10,0,0,2,-0.295444444,-0.15575,11.85922222,15.84025,23983.88,73173.08,-4.04E-06,0.000494466,-2.13E-06,0.000216476,0,-25,-25,0,0,0,0,-25,-25
PEG 51 5(mg/mL) ,7.8,9.11,297,8.61,250.3,2,1747887,1.167948718,200,45,25,12,8,10,10,10,0,0,5,-0.295444444,-0.15575,11.85922222,15.84025,23983.88,73173.08,-4.04E-06,0.000494466,-2.13E-06,0.000216476,0,-25,-25,0,0,0,0,-25,-25
PEG 52 5(mg/mL) ,7.9,8.41,277,7.86,228.8,1.4,6293537,1.064556962,400,53,25,12,8,2,2,2,0,0,5,-0.25744898,-0.227403846,11.76540816,12.68951923,51139.6,70815.28,-3.64E-06,0.000230065,-3.21E-06,0.000179192,0,-25,-25,0,0,0,0,-25,-25
PEG 53 1(mg/mL) ,6.3,7.88,269,7.54,230.2,1.7,852717,1.250793651,400,50,25,12,8,5,5,5,0,0,1,-0.270947368,-0.198090909,11.79873684,13.97845455,49950.16,99139.36,-2.73E-06,0.00023621,-2.00E-06,0.000140998,0,-25,-25,0,0,0,0,-25,-25
PEG 53 2(mg/mL) ,8.7,7.86,267,7.61,226,1.7,1151145,0.903448276,400,50,25,12,8,5,5,5,0,0,2,-0.270947368,-0.198090909,11.79873684,13.97845455,49950.16,99139.36,-2.73E-06,0.00023621,-2.00E-06,0.000140998,0,-25,-25,0,0,0,0,-25,-25
PEG 53 5(mg/mL) ,9.4,8.22,270,8.17,259.2,2.6,328162,0.874468085,400,50,25,12,8,5,5,5,0,0,5,-0.270947368,-0.198090909,11.79873684,13.97845455,49950.16,99139.36,-2.73E-06,0.00023621,-2.00E-06,0.000140998,0,-25,-25,0,0,0,0,-25,-25
PEG 55 2(mg/mL) ,9.4,8.95,302,8.96,293,1.9,1046915,0.95212766,200,48,25,12,13,2,2,2,0,0,2,-0.131938776,-0.109134615,11.54602041,12.48278846,26000.6,35838.44,-3.68E-06,0.000444067,-3.05E-06,0.000348307,0,-25,-25,0,0,0,0,-25,-25
PEG 55 5(mg/mL) ,8.7,9.07,305,8.53,255.6,1.8,1427391,1.042528736,200,48,25,12,13,2,2,2,0,0,5,-0.131938776,-0.109134615,11.54602041,12.48278846,26000.6,35838.44,-3.68E-06,0.000444067,-3.05E-06,0.000348307,0,-25,-25,0,0,0,0,-25,-25
PEG 56 2(mg/mL) ,10.5,8.29,257,10.95,369.5,2.2,1014161,0.78952381,200,45,25,12,13,5,5,5,0,0,2,-0.141473684,-0.086272727,11.57242105,13.783,25405.88,50000.48,-2.83E-06,0.000455502,-1.73E-06,0.000275657,0,-25,-25,0,0,0,0,-25,-25
PEG 56 5(mg/mL) ,10.2,8.75,292,10.12,347,2.3,804111,0.857843137,200,45,25,12,13,5,5,5,0,0,5,-0.141473684,-0.086272727,11.57242105,13.783,25405.88,50000.48,-2.83E-06,0.000455502,-1.73E-06,0.000275657,0,-25,-25,0,0,0,0,-25,-25
PEG 57 1(mg/mL) ,6.3,10.76,288,13.93,370.8,1.6,10441351,1.707936508,200,40,25,12,13,10,10,10,0,0,1,-0.158777778,-0.05325,11.62033333,15.66108333,24414.68,73603.88,-2.16E-06,0.000475957,-7.23E-07,0.000212775,0,-25,-25,0,0,0,0,-25,-25
PEG 57 2(mg/mL) ,7.2,11.82,318,14.86,383.7,1.7,10230804,1.641666667,200,40,25,12,13,10,10,10,0,0,2,-0.158777778,-0.05325,11.62033333,15.66108333,24414.68,73603.88,-2.16E-06,0.000475957,-7.23E-07,0.000212775,0,-25,-25,0,0,0,0,-25,-25
PEG 57 5(mg/mL) ,5.8,8.06,255,13.23,381.8,2.1,618540,1.389655172,200,40,25,12,13,10,10,10,0,0,5,-0.158777778,-0.05325,11.62033333,15.66108333,24414.68,73603.88,-2.16E-06,0.000475957,-7.23E-07,0.000212775,0,-25,-25,0,0,0,0,-25,-25
PEG 58 1(mg/mL) ,6.6,7.93,263,6.99,206.9,1.6,968369,1.201515152,400,48,25,12,13,2,2,2,0,0,1,-0.131938776,-0.109134615,11.54602041,12.48278846,52001.2,71676.88,-1.84E-06,0.000222034,-1.52E-06,0.000174154,0,-25,-25,0,0,0,0,-25,-25
PEG 58 2(mg/mL) ,8.1,7.23,216,8.21,253.7,1.6,1246937,0.892592593,400,48,25,12,13,2,2,2,0,0,2,-0.131938776,-0.109134615,11.54602041,12.48278846,52001.2,71676.88,-1.84E-06,0.000222034,-1.52E-06,0.000174154,0,-25,-25,0,0,0,0,-25,-25
PEG 58 5(mg/mL) ,8.6,7.15,211,9.84,327.1,1.7,1035028,0.831395349,400,48,25,12,13,2,2,2,0,0,5,-0.131938776,-0.109134615,11.54602041,12.48278846,52001.2,71676.88,-1.84E-06,0.000222034,-1.52E-06,0.000174154,0,-25,-25,0,0,0,0,-25,-25
PEG 59 2(mg/mL) ,8.1,8.45,286,8.13,264.6,1.9,606906,1.043209877,400,45,25,12,13,5,5,5,0,0,2,-0.141473684,-0.086272727,11.57242105,13.783,50811.76,100000.96,-1.41E-06,0.000227751,-8.63E-07,0.000137829,0,-25,-25,0,0,0,0,-25,-25
PEG 59 5(mg/mL) ,7.3,7.57,233,9.11,323.2,2.1,333755,1.036986301,400,45,25,12,13,5,5,5,0,0,5,-0.141473684,-0.086272727,11.57242105,13.783,50811.76,100000.96,-1.41E-06,0.000227751,-8.63E-07,0.000137829,0,-25,-25,0,0,0,0,-25,-25
PEG 60 1(mg/mL) ,8.4,7.93,230,11.87,338.1,1.5,3020796,0.944047619,400,40,25,12,13,10,10,10,0,0,1,-0.158777778,-0.05325,11.62033333,15.66108333,48829.36,147207.76,-1.08E-06,0.000237978,-3.62E-07,0.000106388,0,-25,-25,0,0,0,0,-25,-25
PEG 60 2(mg/mL) ,7.3,6.74,228,5.83,171.5,1.6,811400,0.923287671,400,40,25,12,13,10,10,10,0,0,2,-0.158777778,-0.05325,11.62033333,15.66108333,48829.36,147207.76,-1.08E-06,0.000237978,-3.62E-07,0.000106388,0,-25,-25,0,0,0,0,-25,-25
PEG 60 5(mg/mL) ,9.5,8.57,269,8.6,259.8,1.5,757843,0.902105263,400,40,25,12,13,10,10,10,0,0,5,-0.158777778,-0.05325,11.62033333,15.66108333,48829.36,147207.76,-1.08E-06,0.000237978,-3.62E-07,0.000106388,0,-25,-25,0,0,0,0,-25,-25
PEG 72 2(mg/mL) ,9.1,11.23,317,12.51,347.3,2.1,3313813,1.234065934,300,45,25,12,8,10,10,10,0,0,2,-0.295444444,-0.15575,11.85922222,15.84025,35975.82,109759.62,-2.69E-06,0.000329644,-1.42E-06,0.000144318,0,-25,-25,0,0,0,0,-25,-25
PEG 72 5(mg/mL) ,8.5,10.66,302,13.95,400,2.5,5426456,1.254117647,300,45,25,12,8,10,10,10,0,0,5,-0.295444444,-0.15575,11.85922222,15.84025,35975.82,109759.62,-2.69E-06,0.000329644,-1.42E-06,0.000144318,0,-25,-25,0,0,0,0,-25,-25
PEG 75 1(mg/mL) ,9.7,10.35,339,10.1,310.5,1.9,1064524,1.067010309,300,55,25,0,10,10,10,10,0,0,1,-0.392777778,-0.22875,12.085,16.00958333,36198.3,109982.1,-3.57E-06,0.000333855,-2.08E-06,0.000145565,0,-25,-25,0,0,0,0,-25,-25
PEG 75 2(mg/mL) ,6.9,5.58,187,5.51,173.3,1.7,497397,0.808695652,300,55,25,0,10,10,10,10,0,0,2,-0.392777778,-0.22875,12.085,16.00958333,36198.3,109982.1,-3.57E-06,0.000333855,-2.08E-06,0.000145565,0,-25,-25,0,0,0,0,-25,-25
PEG 75 5(mg/mL) ,7.8,9.39,315,8.62,258.5,1.8,1066272,1.203846154,300,55,25,0,10,10,10,10,0,0,5,-0.392777778,-0.22875,12.085,16.00958333,36198.3,109982.1,-3.57E-06,0.000333855,-2.08E-06,0.000145565,0,-25,-25,0,0,0,0,-25,-25
PEG 77 1(mg/mL) ,8.4,9.61,301,9.92,293.8,1.5,940200,1.144047619,300,45,25,12,13,5,5,5,0,0,1,-0.141473684,-0.086272727,11.57242105,13.783,38108.82,75000.72,-1.89E-06,0.000303668,-1.15E-06,0.000183772,0,-25,-25,0,0,0,0,-25,-25
PEG 77 2(mg/mL) ,8.7,10.68,339,10.39,303.3,1.8,749675,1.227586207,300,45,25,12,13,5,5,5,0,0,2,-0.141473684,-0.086272727,11.57242105,13.783,38108.82,75000.72,-1.89E-06,0.000303668,-1.15E-06,0.000183772,0,-25,-25,0,0,0,0,-25,-25
PEG 77 5(mg/mL) ,9.1,10.44,326,10.47,322.1,1.9,703171,1.147252747,300,45,25,12,13,5,5,5,0,0,5,-0.141473684,-0.086272727,11.57242105,13.783,38108.82,75000.72,-1.89E-06,0.000303668,-1.15E-06,0.000183772,0,-25,-25,0,0,0,0,-25,-25
PEG 197 5(mg/mL) ,6.6,4.74,188,7.15,296.8,3.6,589916,0.718181818,200,70,0,12,13,5,5,5,0,0,5,0.650631579,0.597818182,9.817157895,12.26709091,19976.88,44571.48,1.46E-05,0.000491426,1.34E-05,0.000275223,0,0,0,0,0,0,0,0,0
EPO 232 dia 5(mg/mL) ,3.8,6.53,203,7.09,235.4,2.2,438286,1.718421053,200,73,15,10,0,2,2,0,2,0,5,-0.174387755,-0.375096154,11.485,12.75451923,22704.92,34178.76,-5.10E-06,0.000505838,-1.10E-05,0.000373171,0,-15,-15,8.4,-0.8,7.6,8.4,-15.8,-7.4
EPO 229 dia 5(mg/mL) ,3.6,6.75,213,9.58,313.2,2.3,924272,1.875,200,73,15,0,10,2,2,0,2,0,5,-0.039693878,-0.248173077,11.29214286,12.57278846,23546.52,35020.36,-1.13E-06,0.000479567,-7.09E-06,0.000359014,0,-15,-15,8.4,-0.8,7.6,8.4,-15.8,-7.4
EPO 233 dia 5(mg/mL) ,3.6,6.83,251,6.69,240,3.3,282913,1.897222222,200,70,15,10,0,5,5,0,5,0,5,-0.185263158,-0.658181818,11.50947368,14.50681818,22110.2,50794.8,-3.65E-06,0.00052055,-1.30E-05,0.000285597,0,-15,-15,21,-2,19,21,-17,4
EPO 229 dia 2(mg/mL) ,3.7,5.02,146,6.46,200.7,2.2,1233380,1.356756757,200,73,15,0,10,2,2,0,2,0,2,-0.039693878,-0.248173077,11.29214286,12.57278846,23546.52,35020.36,-1.13E-06,0.000479567,-7.09E-06,0.000359014,0,-15,-15,8.4,-0.8,7.6,8.4,-15.8,-7.4
EPO 233 dia 2(mg/mL) ,3.6,6.83,240,5.75,179,3,310858,1.897222222,200,70,15,10,0,5,5,0,5,0,2,-0.185263158,-0.658181818,11.50947368,14.50681818,22110.2,50794.8,-3.65E-06,0.00052055,-1.30E-05,0.000285597,0,-15,-15,21,-2,19,21,-17,4
EPO 239 dia 5(mg/mL) ,3.6,6.33,223,7.07,262.3,2.8,259489,1.758333333,200,75,15,0,5,5,5,0,5,0,5,-0.175789474,-0.65,11.53684211,14.53045455,22521,51205.6,-3.43E-06,0.00051227,-1.27E-05,0.000283767,0,-15,-15,21,-2,19,21,-17,4
EPO 242 dia 5(mg/mL) ,3.6,6.39,216,9.09,333.6,3,329468,1.775,200,75,15,5,0,5,5,0,5,0,5,-0.245263158,-0.71,11.63631579,14.61636364,22100.2,50784.8,-4.83E-06,0.000526525,-1.40E-05,0.00028781,0,-15,-15,21,-2,19,21,-17,4
EPO 242 dia 2(mg/mL) ,3.5,6.16,206,8.88,306.6,2.9,515839,1.76,200,75,15,5,0,5,5,0,5,0,2,-0.245263158,-0.71,11.63631579,14.61636364,22100.2,50784.8,-4.83E-06,0.000526525,-1.40E-05,0.00028781,0,-15,-15,21,-2,19,21,-17,4
EPO 242 dia 1(mg/mL) ,3.5,5.65,173,11.14,342.3,2.4,711100,1.614285714,200,75,15,5,0,5,5,0,5,0,1,-0.245263158,-0.71,11.63631579,14.61636364,22100.2,50784.8,-4.83E-06,0.000526525,-1.40E-05,0.00028781,0,-15,-15,21,-2,19,21,-17,4
EPO 230 dia 5(mg/mL) ,4.1,5.91,201,7.67,288.3,3.2,299270,1.441463415,200,70,15,0,10,5,5,0,5,0,5,-0.046315789,-0.538181818,11.31052632,14.335,22951.8,51636.4,-8.97E-07,0.000492795,-1.04E-05,0.000277614,0,-15,-15,21,-2,19,21,-17,4
EPO 230 dia 2(mg/mL) ,3.7,5.34,177,5.33,166.4,3.1,263476,1.443243243,200,70,15,0,10,5,5,0,5,0,2,-0.046315789,-0.538181818,11.31052632,14.335,22951.8,51636.4,-8.97E-07,0.000492795,-1.04E-05,0.000277614,0,-15,-15,21,-2,19,21,-17,4
EPO 230 dia 1(mg/mL) ,3.9,6.33,221,10.97,325.3,3,399979,1.623076923,200,70,15,0,10,5,5,0,5,0,1,-0.046315789,-0.538181818,11.31052632,14.335,22951.8,51636.4,-8.97E-07,0.000492795,-1.04E-05,0.000277614,0,-15,-15,21,-2,19,21,-17,4
EPO 235 dia 5(mg/mL) ,3.6,6.5,198,7.62,257.5,2.7,733801,1.805555556,200,73,5,0,20,2,2,0,2,0,5,0.518469388,0.277788462,10.1727551,11.51798077,22236.52,33710.36,1.54E-05,0.00045748,8.24E-06,0.000341675,0,-5,-5,8.4,-0.8,7.6,8.4,-5.8,2.6
EPO 235 dia 2(mg/mL) ,3.5,6.26,175,8.28,238,1.5,494351,1.788571429,200,73,5,0,20,2,2,0,2,0,2,0.518469388,0.277788462,10.1727551,11.51798077,22236.52,33710.36,1.54E-05,0.00045748,8.24E-06,0.000341675,0,-5,-5,8.4,-0.8,7.6,8.4,-5.8,2.6
EPO 241 dia 2(mg/mL) ,3.8,5.96,190,7.62,235.1,2.1,1442360,1.568421053,200,78,15,5,0,2,2,0,2,0,2,-0.23255102,-0.429903846,11.60795918,12.87038462,22694.92,34168.76,-6.81E-06,0.000511478,-1.26E-05,0.000376671,0,-15,-15,8.4,-0.8,7.6,8.4,-15.8,-7.4
EPO 241 dia 1(mg/mL) ,3.6,6.23,186,6,169.9,1.7,599594,1.730555556,200,78,15,5,0,2,2,0,2,0,1,-0.23255102,-0.429903846,11.60795918,12.87038462,22694.92,34168.76,-6.81E-06,0.000511478,-1.26E-05,0.000376671,0,-15,-15,8.4,-0.8,7.6,8.4,-15.8,-7.4
EPO 236 dia 5(mg/mL) ,3.7,5.95,179,7.59,303.7,3.3,672729,1.608108108,200,70,5,0,20,5,5,0,5,0,5,0.529473684,-0.040909091,10.15578947,13.33772727,21641.8,50326.4,1.05E-05,0.000469267,-8.13E-07,0.000265024,0,-5,-5,21,-2,19,21,-7,14
EPO 236 dia 2(mg/mL) ,3.7,5.92,183,6.38,218.4,3.1,709926,1.6,200,70,5,0,20,5,5,0,5,0,2,0.529473684,-0.040909091,10.15578947,13.33772727,21641.8,50326.4,1.05E-05,0.000469267,-8.13E-07,0.000265024,0,-5,-5,21,-2,19,21,-7,14
EPO 236 dia 1(mg/mL) ,3.6,5.97,199,5.96,194.5,3.2,697801,1.658333333,200,70,5,0,20,5,5,0,5,0,1,0.529473684,-0.040909091,10.15578947,13.33772727,21641.8,50326.4,1.05E-05,0.000469267,-8.13E-07,0.000265024,0,-5,-5,21,-2,19,21,-7,14
EPO 277 dia 5(mg/mL) ,11.7,9.82,345,12.23,415.1,2,717045,0.839316239,300,63,15,20,0,2,2,0,2,0,5,-0.058061224,-0.265480769,11.23908163,12.52278846,34087.38,51298.14,-1.13E-06,0.000329714,-5.18E-06,0.000244118,0,-15,-15,12.6,-1.2,11.4,12.6,-16.2,-3.6
EPO 278 dia 5(mg/mL) ,7.9,8.05,259,9.6,326.9,3,360936,1.018987342,300,60,15,20,0,5,5,0,5,0,5,-0.065263158,-0.554545455,11.25578947,14.28772727,33195.3,76222.2,-8.56E-07,0.000339078,-7.28E-06,0.000187448,0,-15,-15,31.5,-3,28.5,31.5,-18,13.5
EPO 277 dia 2(mg/mL) ,11.1,9.71,334,9.02,280.2,2,611190,0.874774775,300,63,15,20,0,2,2,0,2,0,2,-0.058061224,-0.265480769,11.23908163,12.52278846,34087.38,51298.14,-1.13E-06,0.000329714,-5.18E-06,0.000244118,0,-15,-15,12.6,-1.2,11.4,12.6,-16.2,-3.6
EPO 278 dia 2(mg/mL) ,8.3,6.75,213,8.8,286.9,3,369762,0.813253012,300,60,15,20,0,5,5,0,5,0,2,-0.065263158,-0.554545455,11.25578947,14.28772727,33195.3,76222.2,-8.56E-07,0.000339078,-7.28E-06,0.000187448,0,-15,-15,31.5,-3,28.5,31.5,-18,13.5
EPO 277 dia 1(mg/mL) ,10.5,8.77,297,7.66,222,2,787555,0.835238095,300,63,15,20,0,2,2,0,2,0,1,-0.058061224,-0.265480769,11.23908163,12.52278846,34087.38,51298.14,-1.13E-06,0.000329714,-5.18E-06,0.000244118,0,-15,-15,12.6,-1.2,11.4,12.6,-16.2,-3.6
EPO 278 dia 1(mg/mL) ,8.3,7.49,258,9.05,308.7,3,370855,0.902409639,300,60,15,20,0,5,5,0,5,0,1,-0.065263158,-0.554545455,11.25578947,14.28772727,33195.3,76222.2,-8.56E-07,0.000339078,-7.28E-06,0.000187448,0,-15,-15,31.5,-3,28.5,31.5,-18,13.5
EPO 271 dia 5(mg/mL) ,8.5,8.1,259,8.59,278.1,2.1,606969,0.952941176,300,53,25,20,0,2,2,0,2,0,5,-0.365204082,-0.554903846,11.91969388,13.16413462,37344.78,54555.54,-6.69E-06,0.00031918,-1.02E-05,0.000241298,0,-25,-25,12.6,-1.2,11.4,12.6,-26.2,-13.6
EPO 271 dia 2(mg/mL) ,9,8.05,265,11,329.4,1.8,984248,0.894444444,300,53,25,20,0,2,2,0,2,0,2,-0.365204082,-0.554903846,11.91969388,13.16413462,37344.78,54555.54,-6.69E-06,0.00031918,-1.02E-05,0.000241298,0,-25,-25,12.6,-1.2,11.4,12.6,-26.2,-13.6
EPO 289 dia 2(mg/mL) ,11.7,8.48,281,10.05,350.9,2.8,826437,0.724786325,300,73,5,0,20,2,2,0,2,0,2,0.518469388,0.277788462,10.1727551,11.51798077,33354.78,50565.54,1.03E-05,0.000304986,5.49E-06,0.000227783,0,-5,-5,12.6,-1.2,11.4,12.6,-6.2,6.4
EPO 271 dia 1(mg/mL) ,9,11.25,389,9.04,258.1,1.6,1271381,1.25,300,53,25,20,0,2,2,0,2,0,1,-0.365204082,-0.554903846,11.91969388,13.16413462,37344.78,54555.54,-6.69E-06,0.00031918,-1.02E-05,0.000241298,0,-25,-25,12.6,-1.2,11.4,12.6,-26.2,-13.6
EPO 293 dia 5(mg/mL) ,9.6,8.14,279,10.43,388.5,3,441014,0.847916667,300,70,5,20,0,5,5,0,5,0,5,0.251578947,-0.280909091,10.55368421,13.68136364,29937.9,72964.8,3.45E-06,0.000352519,-3.85E-06,0.000187506,0,-5,-5,31.5,-3,28.5,31.5,-8,23.5
EPO 293 dia 2(mg/mL) ,9.1,6.98,224,9.59,340,2.8,499275,0.767032967,300,70,5,20,0,5,5,0,5,0,2,0.251578947,-0.280909091,10.55368421,13.68136364,29937.9,72964.8,3.45E-06,0.000352519,-3.85E-06,0.000187506,0,-5,-5,31.5,-3,28.5,31.5,-8,23.5
EPO 272 dia 2(mg/mL) ,8.4,9.88,344,9.67,331.5,2.9,391260,1.176190476,300,50,25,20,0,5,5,0,5,0,2,-0.382105263,-0.828181818,11.95789474,14.89409091,36452.7,79479.6,-4.81E-06,0.000328039,-1.04E-05,0.000187395,0,-25,-25,31.5,-3,28.5,31.5,-28,3.5
EPO 293 dia 1(mg/mL) ,9.3,9.69,346,12.04,405.9,2.9,495111,1.041935484,300,70,5,20,0,5,5,0,5,0,1,0.251578947,-0.280909091,10.55368421,13.68136364,29937.9,72964.8,3.45E-06,0.000352519,-3.85E-06,0.000187506,0,-5,-5,31.5,-3,28.5,31.5,-8,23.5
EPO 284 dia 5(mg/mL) ,8.1,6.88,227,9.49,356.8,3,374194,0.849382716,300,70,15,0,10,5,5,0,5,0,5,-0.046315789,-0.538181818,11.31052632,14.335,34427.7,77454.6,-5.98E-07,0.00032853,-6.95E-06,0.000185076,0,-15,-15,31.5,-3,28.5,31.5,-18,13.5
EPO 268 dia 5(mg/mL) ,7.8,7.57,246,8.88,318.5,2.7,399440,0.970512821,200,88,10,0,0,2,2,0,2,0,5,-0.137142857,-0.34,11.39061224,12.66557692,21599.12,33072.96,-4.15E-06,0.000527365,-1.03E-05,0.000382959,0,-10,-10,8.4,-0.8,7.6,8.4,-10.8,-2.4
EPO 268 dia 2(mg/mL) ,8,7.21,239,8.31,294.6,2.6,374745,0.90125,200,88,10,0,0,2,2,0,2,0,2,-0.137142857,-0.34,11.39061224,12.66557692,21599.12,33072.96,-4.15E-06,0.000527365,-1.03E-05,0.000382959,0,-10,-10,8.4,-0.8,7.6,8.4,-10.8,-2.4
EPO 284 dia 1(mg/mL) ,7.02,5.98,189,7.38,249.5,2.9,433013,0.851851852,300,70,15,0,10,5,5,0,5,0,1,-0.046315789,-0.538181818,11.31052632,14.335,34427.7,77454.6,-5.98E-07,0.00032853,-6.95E-06,0.000185076,0,-15,-15,31.5,-3,28.5,31.5,-18,13.5
EPO 268 dia 1(mg/mL) ,7.8,7.02,219,10.57,362,2.6,556057,0.9,200,88,10,0,0,2,2,0,2,0,1,-0.137142857,-0.34,11.39061224,12.66557692,21599.12,33072.96,-4.15E-06,0.000527365,-1.03E-05,0.000382959,0,-10,-10,8.4,-0.8,7.6,8.4,-10.8,-2.4
EPO 292 dia 5(mg/mL) ,11.4,10.07,353,9.93,335.4,2.1,878205,0.883333333,300,73,5,20,0,2,2,0,2,0,5,0.249081633,0.023942308,10.55846939,11.88144231,30829.98,48040.74,5.18E-06,0.000342474,4.98E-07,0.00024732,0,-5,-5,12.6,-1.2,11.4,12.6,-6.2,6.4
EPO 280 dia 5(mg/mL) ,9.3,9.75,339,10.63,365.5,1.7,669280,1.048387097,300,68,30,0,0,2,2,0,2,0,5,-0.751428571,-0.918846154,12.75183673,13.94826923,38913.48,56124.24,-1.34E-05,0.000327697,-1.64E-05,0.000248525,0,-30,-30,12.6,-1.2,11.4,12.6,-31.2,-18.6
EPO 292 dia 2(mg/mL) ,10.3,8.87,295,9.97,327.9,2.1,669728,0.861165049,300,73,5,20,0,2,2,0,2,0,2,0.249081633,0.023942308,10.55846939,11.88144231,30829.98,48040.74,5.18E-06,0.000342474,4.98E-07,0.00024732,0,-5,-5,12.6,-1.2,11.4,12.6,-6.2,6.4
EPO 280 dia 2(mg/mL) ,9.5,10.17,355,9.34,283.1,1.7,606850,1.070526316,300,68,30,0,0,2,2,0,2,0,2,-0.751428571,-0.918846154,12.75183673,13.94826923,38913.48,56124.24,-1.34E-05,0.000327697,-1.64E-05,0.000248525,0,-30,-30,12.6,-1.2,11.4,12.6,-31.2,-18.6
EPO 292 dia 1(mg/mL) ,9.9,11.25,395,10.79,332.3,2.1,663320,1.136363636,300,73,5,20,0,2,2,0,2,0,1,0.249081633,0.023942308,10.55846939,11.88144231,30829.98,48040.74,5.18E-06,0.000342474,4.98E-07,0.00024732,0,-5,-5,12.6,-1.2,11.4,12.6,-6.2,6.4
EPO 280 dia 1(mg/mL) ,9.6,10.53,344,9.55,283.3,1.7,575954,1.096875,300,68,30,0,0,2,2,0,2,0,1,-0.751428571,-0.918846154,12.75183673,13.94826923,38913.48,56124.24,-1.34E-05,0.000327697,-1.64E-05,0.000248525,0,-30,-30,12.6,-1.2,11.4,12.6,-31.2,-18.6
EPO 283 dia 5(mg/mL) ,8.6,8.4,277,9.3,310.3,2.1,520210,0.976744186,300,73,15,0,10,2,2,0,2,0,5,-0.039693878,-0.248173077,11.29214286,12.57278846,35319.78,52530.54,-7.56E-07,0.000319712,-4.72E-06,0.000239342,0,-15,-15,12.6,-1.2,11.4,12.6,-16.2,-3.6
EPO 283 dia 2(mg/mL) ,8.7,7.41,224,12.72,384.6,2.2,483206,0.851724138,300,73,15,0,10,2,2,0,2,0,2,-0.039693878,-0.248173077,11.29214286,12.57278846,35319.78,52530.54,-7.56E-07,0.000319712,-4.72E-06,0.000239342,0,-15,-15,12.6,-1.2,11.4,12.6,-16.2,-3.6
EPO 283 dia 1(mg/mL) ,8.7,10.58,364,9.81,299.5,1.8,577724,1.216091954,300,73,15,0,10,2,2,0,2,0,1,-0.039693878,-0.248173077,11.29214286,12.57278846,35319.78,52530.54,-7.56E-07,0.000319712,-4.72E-06,0.000239342,0,-15,-15,12.6,-1.2,11.4,12.6,-16.2,-3.6
EPO 275 dia 5(mg/mL) ,8.1,6.59,231,8.01,300.1,3.5,341876,0.813580247,300,60,15,0,20,5,5,0,5,0,5,0.212631579,-0.314545455,10.85789474,13.94409091,35720.1,78747,2.70E-06,0.000303972,-3.99E-06,0.000177075,0,-15,-15,31.5,-3,28.5,31.5,-18,13.5
EPO 295 dia 5(mg/mL) ,10.8,9.98,332,9.96,312.7,1.9,521784,0.924074074,300,78,15,0,5,2,2,0,2,0,5,-0.165204082,-0.366442308,11.51153061,12.77951923,34673.58,51884.34,-3.18E-06,0.000331997,-7.06E-06,0.000246308,0,-15,-15,12.6,-1.2,11.4,12.6,-16.2,-3.6
EPO 275 dia 2(mg/mL) ,8.1,6.7,237,7.72,280.1,3.5,354635,0.827160494,300,60,15,0,20,5,5,0,5,0,2,0.212631579,-0.314545455,10.85789474,13.94409091,35720.1,78747,2.70E-06,0.000303972,-3.99E-06,0.000177075,0,-15,-15,31.5,-3,28.5,31.5,-18,13.5
EPO 295 dia 2(mg/mL) ,11,9.23,293,9.89,296.2,2,648693,0.839090909,300,78,15,0,5,2,2,0,2,0,2,-0.165204082,-0.366442308,11.51153061,12.77951923,34673.58,51884.34,-3.18E-06,0.000331997,-7.06E-06,0.000246308,0,-15,-15,12.6,-1.2,11.4,12.6,-16.2,-3.6
EPO 274 dia 5(mg/mL) ,8.6,8.2,272,10.5,369.3,2.7,432298,0.953488372,300,63,15,0,20,2,2,0,2,0,5,0.211326531,-0.011634615,10.85336735,12.15932692,36612.18,53822.94,3.93E-06,0.000296441,-2.16E-07,0.000225913,0,-15,-15,12.6,-1.2,11.4,12.6,-16.2,-3.6
EPO 296 dia 5(mg/mL) ,8.2,7.23,230,10.51,388.4,3.1,315412,0.881707317,300,75,15,0,5,5,5,0,5,0,5,-0.175789474,-0.65,11.53684211,14.53045455,33781.5,76808.4,-2.29E-06,0.000341514,-8.46E-06,0.000189178,0,-15,-15,31.5,-3,28.5,31.5,-18,13.5
EPO 274 dia 2(mg/mL) ,9.1,7.74,245,10.87,357.3,2.7,485063,0.850549451,300,63,15,0,20,2,2,0,2,0,2,0.211326531,-0.011634615,10.85336735,12.15932692,36612.18,53822.94,3.93E-06,0.000296441,-2.16E-07,0.000225913,0,-15,-15,12.6,-1.2,11.4,12.6,-16.2,-3.6
EPO 296 dia 2(mg/mL) ,8.6,7.16,229,8.77,291.6,3.5,302068,0.83255814,300,75,15,0,5,5,5,0,5,0,2,-0.175789474,-0.65,11.53684211,14.53045455,33781.5,76808.4,-2.29E-06,0.000341514,-8.46E-06,0.000189178,0,-15,-15,31.5,-3,28.5,31.5,-18,13.5
EPO 274 dia 1(mg/mL) ,9.4,7.12,209,7.75,226.6,1.8,1512696,0.757446809,300,63,15,0,20,2,2,0,2,0,1,0.211326531,-0.011634615,10.85336735,12.15932692,36612.18,53822.94,3.93E-06,0.000296441,-2.16E-07,0.000225913,0,-15,-15,12.6,-1.2,11.4,12.6,-16.2,-3.6
EPO 296 dia 1(mg/mL) ,8.3,9.14,312,8.92,288.9,3,320834,1.101204819,300,75,15,0,5,5,5,0,5,0,1,-0.175789474,-0.65,11.53684211,14.53045455,33781.5,76808.4,-2.29E-06,0.000341514,-8.46E-06,0.000189178,0,-15,-15,31.5,-3,28.5,31.5,-18,13.5
EPO 290 dia 5(mg/mL) ,10.8,7.97,296,9.32,369,3,1245534,0.737962963,300,70,5,0,20,5,5,0,5,0,5,0.529473684,-0.040909091,10.15578947,13.33772727,32462.7,75489.6,7.01E-06,0.000312845,-5.42E-07,0.000176683,0,-5,-5,31.5,-3,28.5,31.5,-8,23.5
EPO 281 dia 5(mg/mL) ,8.1,8.2,273,9.89,356.6,2.6,389087,1.012345679,300,65,30,0,0,5,5,0,5,0,5,-0.780526316,-1.172272727,12.81631579,15.63545455,38021.4,81048.3,-9.63E-06,0.000337082,-1.45E-05,0.000192915,0,-30,-30,31.5,-3,28.5,31.5,-33,-1.5
EPO 290 dia 2(mg/mL) ,10.8,8.43,314,9.4,357.2,3.1,1117421,0.780555556,300,70,5,0,20,5,5,0,5,0,2,0.529473684,-0.040909091,10.15578947,13.33772727,32462.7,75489.6,7.01E-06,0.000312845,-5.42E-07,0.000176683,0,-5,-5,31.5,-3,28.5,31.5,-8,23.5
EPO 281 dia 2(mg/mL) ,9,8.06,256,9.04,311,2.6,505444,0.895555556,300,65,30,0,0,5,5,0,5,0,2,-0.780526316,-1.172272727,12.81631579,15.63545455,38021.4,81048.3,-9.63E-06,0.000337082,-1.45E-05,0.000192915,0,-30,-30,31.5,-3,28.5,31.5,-33,-1.5
EPO 290 dia 1(mg/mL) ,10.4,7.88,269,10.57,359.3,3.1,1398509,0.757692308,300,70,5,0,20,5,5,0,5,0,1,0.529473684,-0.040909091,10.15578947,13.33772727,32462.7,75489.6,7.01E-06,0.000312845,-5.42E-07,0.000176683,0,-5,-5,31.5,-3,28.5,31.5,-8,23.5
EPO 281 dia 1(mg/mL) ,9,7.97,270,7.89,262.1,2.4,526012,0.885555556,300,65,30,0,0,5,5,0,5,0,1,-0.780526316,-1.172272727,12.81631579,15.63545455,38021.4,81048.3,-9.63E-06,0.000337082,-1.45E-05,0.000192915,0,-30,-30,31.5,-3,28.5,31.5,-33,-1.5
EPO 287 dia 5(mg/mL) ,8.1,6.98,220,9.6,339.1,3.1,371238,0.861728395,300,70,15,10,0,5,5,0,5,0,5,-0.185263158,-0.658181818,11.50947368,14.50681818,33165.3,76192.2,-2.43E-06,0.000347034,-8.64E-06,0.000190398,0,-15,-15,31.5,-3,28.5,31.5,-18,13.5
EPO 286 dia 5(mg/mL) ,8.8,7.75,240,9.84,337.1,2.1,677685,0.880681818,300,73,15,10,0,2,2,0,2,0,5,-0.174387755,-0.375096154,11.485,12.75451923,34057.38,51268.14,-3.40E-06,0.000337225,-7.32E-06,0.000248781,0,-15,-15,12.6,-1.2,11.4,12.6,-16.2,-3.6
EPO 287 dia 2(mg/mL) ,8.1,8.21,275,9.97,342.9,3,384582,1.013580247,300,70,15,10,0,5,5,0,5,0,2,-0.185263158,-0.658181818,11.50947368,14.50681818,33165.3,76192.2,-2.43E-06,0.000347034,-8.64E-06,0.000190398,0,-15,-15,31.5,-3,28.5,31.5,-18,13.5
EPO 286 dia 2(mg/mL) ,9,8.67,300,8.5,269.5,1.8,611970,0.963333333,300,73,15,10,0,2,2,0,2,0,2,-0.174387755,-0.375096154,11.485,12.75451923,34057.38,51268.14,-3.40E-06,0.000337225,-7.32E-06,0.000248781,0,-15,-15,12.6,-1.2,11.4,12.6,-16.2,-3.6
EPO 287 dia 1(mg/mL) ,8.1,6.98,230,8.85,297.7,3.1,404896,0.861728395,300,70,15,10,0,5,5,0,5,0,1,-0.185263158,-0.658181818,11.50947368,14.50681818,33165.3,76192.2,-2.43E-06,0.000347034,-8.64E-06,0.000190398,0,-15,-15,31.5,-3,28.5,31.5,-18,13.5
EPO 264 dia 5(mg/mL) ,7.2,6.03,201,7.66,287.6,3.6,274604,0.8375,200,65,5,20,0,10,10,0,10,0,5,0.256111111,-0.72125,10.545,16.28125,18967.4,76336.6,3.36E-06,0.000555954,-9.45E-06,0.000213282,0,-5,-5,42,-4,38,42,-9,33
EPO 264 dia 2(mg/mL) ,7.4,5.81,184,7.54,269.7,3.4,315988,0.785135135,200,65,5,20,0,10,10,0,10,0,2,0.256111111,-0.72125,10.545,16.28125,18967.4,76336.6,3.36E-06,0.000555954,-9.45E-06,0.000213282,0,-5,-5,42,-4,38,42,-9,33
EPO 264 dia 1(mg/mL) ,7.4,6.61,221,7.57,260.5,3.3,325514,0.893243243,200,65,5,20,0,10,10,0,10,0,1,0.256111111,-0.72125,10.545,16.28125,18967.4,76336.6,3.36E-06,0.000555954,-9.45E-06,0.000213282,0,-5,-5,42,-4,38,42,-9,33
EPO 332 dia 5(mg/mL) ,5.6,6.09,208,6.79,261.4,2.8,192765,1.0875,200,15,40,32,8,5,5,0,5,0,5,-0.506210526,-0.935363636,12.34452632,15.228,28272.48,56957.08,-8.89E-06,0.000436627,-1.64E-05,0.000267359,0,-40,-40,21,-2,19,21,-42,-21
EPO 310 dia 5(mg/mL) ,8.4,7.43,241,9.73,349.1,3.5,313369,0.88452381,400,53,25,20,0,2,2,0,2,0,5,-0.365204082,-0.554903846,11.91969388,13.16413462,49793.04,72740.72,-5.02E-06,0.000239385,-7.63E-06,0.000180973,0,-25,-25,16.8,-1.6,15.2,16.8,-26.6,-9.8
EPO 310 dia 2(mg/mL) ,8.6,7.61,246,9.79,332.2,3.3,369199,0.884883721,400,53,25,20,0,2,2,0,2,0,2,-0.365204082,-0.554903846,11.91969388,13.16413462,49793.04,72740.72,-5.02E-06,0.000239385,-7.63E-06,0.000180973,0,-25,-25,16.8,-1.6,15.2,16.8,-26.6,-9.8
EPO 332 dia 1(mg/mL) ,5.35,5.34,174,6.25,204.2,3,264929,0.998130841,200,15,40,32,8,5,5,0,5,0,1,-0.506210526,-0.935363636,12.34452632,15.228,28272.48,56957.08,-8.89E-06,0.000436627,-1.64E-05,0.000267359,0,-40,-40,21,-2,19,21,-42,-21
EPO 310 dia 1(mg/mL) ,8.7,7.23,245,9.97,340.7,3.1,389149,0.831034483,400,53,25,20,0,2,2,0,2,0,1,-0.365204082,-0.554903846,11.91969388,13.16413462,49793.04,72740.72,-5.02E-06,0.000239385,-7.63E-06,0.000180973,0,-25,-25,16.8,-1.6,15.2,16.8,-26.6,-9.8
EPO 307 dia 5(mg/mL) ,8.4,7.71,246,10.64,396.7,2.8,349413,0.917857143,400,53,25,0,20,2,2,0,2,0,5,-0.095816327,-0.301057692,11.53397959,12.80067308,53159.44,76107.12,-1.26E-06,0.00021697,-3.96E-06,0.000168193,0,-25,-25,16.8,-1.6,15.2,16.8,-26.6,-9.8
EPO 333 dia 5(mg/mL) ,7.8,6.7,217,7.93,276.4,2.1,332643,0.858974359,200,18,40,32,8,2,2,0,2,0,5,-0.485510204,-0.668269231,12.2944898,13.51730769,28867.2,40341.04,-1.20E-05,0.000425898,-1.66E-05,0.000335076,0,-40,-40,8.4,-0.8,7.6,8.4,-40.8,-32.4
EPO 307 dia 2(mg/mL) ,8.9,9.92,341,9.82,327.4,3.1,374795,1.114606742,400,53,25,0,20,2,2,0,2,0,2,-0.095816327,-0.301057692,11.53397959,12.80067308,53159.44,76107.12,-1.26E-06,0.00021697,-3.96E-06,0.000168193,0,-25,-25,16.8,-1.6,15.2,16.8,-26.6,-9.8
EPO 333 dia 2(mg/mL) ,5.56,7.08,219,8.83,290.3,2.2,368015,1.273381295,200,18,40,32,8,2,2,0,2,0,2,-0.485510204,-0.668269231,12.2944898,13.51730769,28867.2,40341.04,-1.20E-05,0.000425898,-1.66E-05,0.000335076,0,-40,-40,8.4,-0.8,7.6,8.4,-40.8,-32.4
EPO 307 dia 1(mg/mL) ,9.5,7.33,246,7.18,228.1,3,454557,0.771578947,400,53,25,0,20,2,2,0,2,0,1,-0.095816327,-0.301057692,11.53397959,12.80067308,53159.44,76107.12,-1.26E-06,0.00021697,-3.96E-06,0.000168193,0,-25,-25,16.8,-1.6,15.2,16.8,-26.6,-9.8
EPO 333 dia 1(mg/mL) ,4.33,7.23,224,8.19,262.9,1.9,534684,1.669745958,200,18,40,32,8,2,2,0,2,0,1,-0.485510204,-0.668269231,12.2944898,13.51730769,28867.2,40341.04,-1.20E-05,0.000425898,-1.66E-05,0.000335076,0,-40,-40,8.4,-0.8,7.6,8.4,-40.8,-32.4
EPO 304 dia 5(mg/mL) ,7.9,7.92,257,9.96,364.3,3,310022,1.002531646,300,88,10,0,0,2,2,0,2,0,5,-0.137142857,-0.34,11.39061224,12.66557692,32398.68,49609.44,-2.76E-06,0.000351576,-6.85E-06,0.000255306,0,-10,-10,12.6,-1.2,11.4,12.6,-11.2,1.4
EPO 322 dia 5(mg/mL) ,9.8,7.92,252,10,349.7,3.1,441911,0.808163265,400,73,5,0,20,2,2,0,2,0,5,0.518469388,0.277788462,10.1727551,11.51798077,44473.04,67420.72,7.69E-06,0.00022874,4.12E-06,0.000170837,0,-5,-5,16.8,-1.6,15.2,16.8,-6.6,10.2
EPO 304 dia 2(mg/mL) ,8.3,8.19,277,9.98,343.1,3,369366,0.986746988,300,88,10,0,0,2,2,0,2,0,2,-0.137142857,-0.34,11.39061224,12.66557692,32398.68,49609.44,-2.76E-06,0.000351576,-6.85E-06,0.000255306,0,-10,-10,12.6,-1.2,11.4,12.6,-11.2,1.4
EPO 322 dia 2(mg/mL) ,9.8,8.18,261,10.53,350.2,3.5,399583,0.834693878,400,73,5,0,20,2,2,0,2,0,2,0.518469388,0.277788462,10.1727551,11.51798077,44473.04,67420.72,7.69E-06,0.00022874,4.12E-06,0.000170837,0,-5,-5,16.8,-1.6,15.2,16.8,-6.6,10.2
EPO 304 dia 1(mg/mL) ,8.7,9.42,320,9.14,296.2,2.6,504989,1.082758621,300,88,10,0,0,2,2,0,2,0,1,-0.137142857,-0.34,11.39061224,12.66557692,32398.68,49609.44,-2.76E-06,0.000351576,-6.85E-06,0.000255306,0,-10,-10,12.6,-1.2,11.4,12.6,-11.2,1.4
EPO 322 dia 1(mg/mL) ,10.2,8.69,290,8.68,276.4,2.4,527069,0.851960784,400,73,5,0,20,2,2,0,2,0,1,0.518469388,0.277788462,10.1727551,11.51798077,44473.04,67420.72,7.69E-06,0.00022874,4.12E-06,0.000170837,0,-5,-5,16.8,-1.6,15.2,16.8,-6.6,10.2
EPO 320 dia 5(mg/mL) ,9.94,10.2,354,10.1,334.2,2,505813,1.026156942,400,70,15,10,0,5,5,0,5,0,5,-0.185263158,-0.658181818,11.50947368,14.50681818,44220.4,101589.6,-1.82E-06,0.000260275,-6.48E-06,0.000142798,0,-15,-15,42,-4,38,42,-19,23
EPO 320 dia 2(mg/mL) ,9.15,9.83,318,9.79,296.3,1.8,767152,1.07431694,400,70,15,10,0,5,5,0,5,0,2,-0.185263158,-0.658181818,11.50947368,14.50681818,44220.4,101589.6,-1.82E-06,0.000260275,-6.48E-06,0.000142798,0,-15,-15,42,-4,38,42,-19,23
EPO 339 dia 2(mg/mL) ,9.6,9.24,287,11.4,333.2,1.8,1017253,0.9625,400,18,40,32,8,2,2,0,2,0,2,-0.485510204,-0.668269231,12.2944898,13.51730769,57734.4,80682.08,-6.02E-06,0.000212949,-8.28E-06,0.000167538,0,-40,-40,16.8,-1.6,15.2,16.8,-41.6,-24.8
EPO 320 dia 1(mg/mL) ,8.36,7,213,6.93,194,1.9,633437,0.837320574,400,70,15,10,0,5,5,0,5,0,1,-0.185263158,-0.658181818,11.50947368,14.50681818,44220.4,101589.6,-1.82E-06,0.000260275,-6.48E-06,0.000142798,0,-15,-15,42,-4,38,42,-19,23
EPO 313 dia 5(mg/mL) ,6.61,5.71,182,8.69,312.5,3.2,353792,0.863842663,400,63,15,0,20,2,2,0,2,0,5,0.211326531,-0.011634615,10.85336735,12.15932692,48816.24,71763.92,2.94E-06,0.000222331,-1.62E-07,0.000169435,0,-15,-15,16.8,-1.6,15.2,16.8,-16.6,0.2
EPO 325 dia 5(mg/mL) ,8.9,7.57,241,10.56,370.6,3.1,401510,0.850561798,400,78,15,0,5,2,2,0,2,0,5,-0.165204082,-0.366442308,11.51153061,12.77951923,46231.44,69179.12,-2.39E-06,0.000248998,-5.30E-06,0.000184731,0,-15,-15,16.8,-1.6,15.2,16.8,-16.6,0.2
EPO 325 dia 2(mg/mL) ,9,7.5,240,8.97,292,3.3,381206,0.833333333,400,78,15,0,5,2,2,0,2,0,2,-0.165204082,-0.366442308,11.51153061,12.77951923,46231.44,69179.12,-2.39E-06,0.000248998,-5.30E-06,0.000184731,0,-15,-15,16.8,-1.6,15.2,16.8,-16.6,0.2
EPO 313 dia 1(mg/mL) ,6.68,7.51,264,5.77,176.4,3,470429,1.124251497,400,63,15,0,20,2,2,0,2,0,1,0.211326531,-0.011634615,10.85336735,12.15932692,48816.24,71763.92,2.94E-06,0.000222331,-1.62E-07,0.000169435,0,-15,-15,16.8,-1.6,15.2,16.8,-16.6,0.2
EPO 325 dia 1(mg/mL) ,5.7,6.81,238,6.5,211.9,2.6,427056,1.194736842,400,78,15,0,5,2,2,0,2,0,1,-0.165204082,-0.366442308,11.51153061,12.77951923,46231.44,69179.12,-2.39E-06,0.000248998,-5.30E-06,0.000184731,0,-15,-15,16.8,-1.6,15.2,16.8,-16.6,0.2
EPO 331 dia 5(mg/mL) ,4.86,7.26,236,9.55,343.4,2,355107,1.49382716,200,18,40,32,8,2,2,0,2,0,5,-0.485510204,-0.668269231,12.2944898,13.51730769,28867.2,40341.04,-1.20E-05,0.000425898,-1.66E-05,0.000335076,0,-40,-40,8.4,-0.8,7.6,8.4,-40.8,-32.4
EPO 335 dia 5(mg/mL) ,8,8.64,294,8.64,285,2,257841,1.08,200,18,50,27,3,2,2,0,2,0,5,-0.976326531,-1.130769231,13.31744898,14.48125,30598,42071.84,-2.32E-05,0.000435239,-2.69E-05,0.000344203,0,-50,-50,8.4,-0.8,7.6,8.4,-50.8,-42.4
EPO 335 dia 2(mg/mL) ,9.9,9.18,294,14.41,394.8,2.1,427316,0.927272727,200,18,50,27,3,2,2,0,2,0,2,-0.976326531,-1.130769231,13.31744898,14.48125,30598,42071.84,-2.32E-05,0.000435239,-2.69E-05,0.000344203,0,-50,-50,8.4,-0.8,7.6,8.4,-50.8,-42.4
EPO 335 dia 1(mg/mL) ,6.04,6.63,211,9.43,279.6,1.4,896757,1.097682119,200,18,50,27,3,2,2,0,2,0,1,-0.976326531,-1.130769231,13.31744898,14.48125,30598,42071.84,-2.32E-05,0.000435239,-2.69E-05,0.000344203,0,-50,-50,8.4,-0.8,7.6,8.4,-50.8,-42.4
EPO 308 dia 5(mg/mL) ,9.4,9.89,329,9.89,304.7,2.1,727278,1.05212766,400,50,25,0,20,5,5,0,5,0,5,-0.104210526,-0.588181818,11.56,14.55045455,51970,109339.2,-9.53E-07,0.000222436,-5.38E-06,0.000133076,0,-25,-25,42,-4,38,42,-29,13
EPO 337 dia 5(mg/mL) ,5.49,8.56,298,8.24,276.8,2,228343,1.559198543,200,28,50,17,3,2,2,0,2,0,5,-1.092653061,-1.240384615,13.56336735,14.71298077,30578,42051.84,-2.60E-05,0.000443566,-2.95E-05,0.000349877,0,-50,-50,8.4,-0.8,7.6,8.4,-50.8,-42.4
EPO 308 dia 2(mg/mL) ,9.3,10.35,325,9.85,284.7,2.3,983730,1.112903226,400,50,25,0,20,5,5,0,5,0,2,-0.104210526,-0.588181818,11.56,14.55045455,51970,109339.2,-9.53E-07,0.000222436,-5.38E-06,0.000133076,0,-25,-25,42,-4,38,42,-29,13
EPO 337 dia 2(mg/mL) ,6.65,8.75,285,9.08,279.1,1.9,115756,1.315789474,200,28,50,17,3,2,2,0,2,0,2,-1.092653061,-1.240384615,13.56336735,14.71298077,30578,42051.84,-2.60E-05,0.000443566,-2.95E-05,0.000349877,0,-50,-50,8.4,-0.8,7.6,8.4,-50.8,-42.4
EPO 337 dia 1(mg/mL) ,7.03,10.21,294,10.13,285.3,1.8,590128,1.452347084,200,28,50,17,3,2,2,0,2,0,1,-1.092653061,-1.240384615,13.56336735,14.71298077,30578,42051.84,-2.60E-05,0.000443566,-2.95E-05,0.000349877,0,-50,-50,8.4,-0.8,7.6,8.4,-50.8,-42.4
EPO 328 dia 5(mg/mL) ,11.1,8.83,318,10.63,398.7,3.1,890942,0.795495495,400,78,15,5,0,2,2,0,2,0,5,-0.23255102,-0.429903846,11.60795918,12.87038462,45389.84,68337.52,-3.40E-06,0.000255739,-6.29E-06,0.000188336,0,-15,-15,16.8,-1.6,15.2,16.8,-16.6,0.2
EPO 302 dia 5(mg/mL) ,12,8.57,291,8.22,258.7,1.8,441824,0.714166667,300,75,20,0,0,5,5,0,5,0,5,-0.463684211,-0.898636364,12.11421053,15.02909091,34764,77790.9,-5.96E-06,0.00034847,-1.16E-05,0.000193199,0,-20,-20,31.5,-3,28.5,31.5,-23,8.5
EPO 328 dia 2(mg/mL) ,11.1,8.86,319,8.83,315.3,3.4,775492,0.798198198,400,78,15,5,0,2,2,0,2,0,2,-0.23255102,-0.429903846,11.60795918,12.87038462,45389.84,68337.52,-3.40E-06,0.000255739,-6.29E-06,0.000188336,0,-15,-15,16.8,-1.6,15.2,16.8,-16.6,0.2
EPO 302 dia 2(mg/mL) ,10.5,8.59,286,8.12,246.9,2,747027,0.818095238,300,75,20,0,0,5,5,0,5,0,2,-0.463684211,-0.898636364,12.11421053,15.02909091,34764,77790.9,-5.96E-06,0.00034847,-1.16E-05,0.000193199,0,-20,-20,31.5,-3,28.5,31.5,-23,8.5
EPO 328 dia 1(mg/mL) ,11.2,8.93,322,8.57,296.6,3.1,883550,0.797321429,400,78,15,5,0,2,2,0,2,0,1,-0.23255102,-0.429903846,11.60795918,12.87038462,45389.84,68337.52,-3.40E-06,0.000255739,-6.29E-06,0.000188336,0,-15,-15,16.8,-1.6,15.2,16.8,-16.6,0.2
EPO 329 dia 5(mg/mL) ,4.22,8.33,264,10.67,352.3,2.1,384452,1.973933649,400,75,15,5,0,5,5,0,5,0,5,-0.245263158,-0.71,11.63631579,14.61636364,44200.4,101569.6,-2.41E-06,0.000263263,-6.99E-06,0.000143905,0,-15,-15,42,-4,38,42,-19,23
EPO 334 dia 5(mg/mL) ,8.1,8.23,277,10.83,386.3,2.5,340898,1.016049383,200,15,40,32,8,5,5,0,5,0,5,-0.506210526,-0.935363636,12.34452632,15.228,28272.48,56957.08,-8.89E-06,0.000436627,-1.64E-05,0.000267359,0,-40,-40,21,-2,19,21,-42,-21
EPO 329 dia 2(mg/mL) ,8.59,8.56,267,12.46,366.7,2.1,699465,0.996507567,400,75,15,5,0,5,5,0,5,0,2,-0.245263158,-0.71,11.63631579,14.61636364,44200.4,101569.6,-2.41E-06,0.000263263,-6.99E-06,0.000143905,0,-15,-15,42,-4,38,42,-19,23
EPO 329 dia 1(mg/mL) ,5.75,8.71,279,8.63,255.4,2.1,1165995,1.514782609,400,75,15,5,0,5,5,0,5,0,1,-0.245263158,-0.71,11.63631579,14.61636364,44200.4,101569.6,-2.41E-06,0.000263263,-6.99E-06,0.000143905,0,-15,-15,42,-4,38,42,-19,23
EPO 338 dia 5(mg/mL) ,7.3,8.8,310,8.69,301.3,2,530674,1.205479452,200,25,50,17,3,5,5,0,5,0,5,-1.132526316,-1.476272727,13.65347368,16.35845455,29983.28,58667.88,-1.93E-05,0.00045537,-2.52E-05,0.000278832,0,-50,-50,21,-2,19,21,-52,-31
EPO 317 dia 5(mg/mL) ,9.2,7.02,241,8.23,285.3,2.9,428427,0.763043478,400,60,15,20,0,5,5,0,5,0,5,-0.065263158,-0.554545455,11.25578947,14.28772727,44260.4,101629.6,-6.42E-07,0.000254308,-5.46E-06,0.000140586,0,-15,-15,42,-4,38,42,-19,23
EPO 338 dia 2(mg/mL) ,8.4,8.19,282,7.59,249.9,1.9,407690,0.975,200,25,50,17,3,5,5,0,5,0,2,-1.132526316,-1.476272727,13.65347368,16.35845455,29983.28,58667.88,-1.93E-05,0.00045537,-2.52E-05,0.000278832,0,-50,-50,21,-2,19,21,-52,-31
EPO 317 dia 2(mg/mL) ,9.7,6.84,223,6.85,208.5,3.2,448963,0.705154639,400,60,15,20,0,5,5,0,5,0,2,-0.065263158,-0.554545455,11.25578947,14.28772727,44260.4,101629.6,-6.42E-07,0.000254308,-5.46E-06,0.000140586,0,-15,-15,42,-4,38,42,-19,23
EPO 338 dia 1(mg/mL) ,8.8,8.76,291,7.41,218.2,1.5,577286,0.995454545,200,25,50,17,3,5,5,0,5,0,1,-1.132526316,-1.476272727,13.65347368,16.35845455,29983.28,58667.88,-1.93E-05,0.00045537,-2.52E-05,0.000278832,0,-50,-50,21,-2,19,21,-52,-31
EPO 319 dia 5(mg/mL) ,7.49,6.03,205,7.32,265,3.3,428408,0.805073431,400,73,15,10,0,2,2,0,2,0,5,-0.174387755,-0.375096154,11.485,12.75451923,45409.84,68357.52,-2.55E-06,0.000252919,-5.49E-06,0.000186585,0,-15,-15,16.8,-1.6,15.2,16.8,-16.6,0.2
EPO 305 dia 5(mg/mL) ,8.6,8.19,272,10.46,315.1,1.7,834938,0.952325581,300,85,10,0,0,5,5,0,5,0,5,-0.146842105,-0.625,11.41210526,14.42272727,31506.6,74533.5,-1.97E-06,0.000362213,-8.39E-06,0.000193507,0,-10,-10,31.5,-3,28.5,31.5,-13,18.5
EPO 319 dia 2(mg/mL) ,7.94,5.96,203,7.26,253.6,3.1,382141,0.750629723,400,73,15,10,0,2,2,0,2,0,2,-0.174387755,-0.375096154,11.485,12.75451923,45409.84,68357.52,-2.55E-06,0.000252919,-5.49E-06,0.000186585,0,-15,-15,16.8,-1.6,15.2,16.8,-16.6,0.2
EPO 305 dia 2(mg/mL) ,8.9,8.77,292,8.53,261.4,1.7,362493,0.985393258,300,85,10,0,0,5,5,0,5,0,2,-0.146842105,-0.625,11.41210526,14.42272727,31506.6,74533.5,-1.97E-06,0.000362213,-8.39E-06,0.000193507,0,-10,-10,31.5,-3,28.5,31.5,-13,18.5
EPO 305 dia 1(mg/mL) ,7.2,8.46,263,11.27,315.5,1.9,1173716,1.175,300,85,10,0,0,5,5,0,5,0,1,-0.146842105,-0.625,11.41210526,14.42272727,31506.6,74533.5,-1.97E-06,0.000362213,-8.39E-06,0.000193507,0,-10,-10,31.5,-3,28.5,31.5,-13,18.5
EPO 314 dia 5(mg/mL) ,6.95,7.44,231,9.22,294.7,1.8,394644,1.070503597,400,60,15,0,20,5,5,0,5,0,5,0.212631579,-0.314545455,10.85789474,13.94409091,47626.8,104996,2.03E-06,0.000227979,-3.00E-06,0.000132806,0,-15,-15,42,-4,38,42,-19,23
EPO 316 dia 5(mg/mL) ,8.5,6.55,208,9.14,311.6,3,386208,0.770588235,400,63,15,20,0,2,2,0,2,0,5,-0.058061224,-0.265480769,11.23908163,12.52278846,45449.84,68397.52,-8.49E-07,0.000247285,-3.88E-06,0.000183088,0,-15,-15,16.8,-1.6,15.2,16.8,-16.6,0.2
EPO 314 dia 2(mg/mL) ,6.97,7.46,233,7.85,235.6,1.8,484945,1.070301291,400,60,15,0,20,5,5,0,5,0,2,0.212631579,-0.314545455,10.85789474,13.94409091,47626.8,104996,2.03E-06,0.000227979,-3.00E-06,0.000132806,0,-15,-15,42,-4,38,42,-19,23
EPO 316 dia 2(mg/mL) ,10.2,8.07,268,12.26,378.4,3,537908,0.791176471,400,63,15,20,0,2,2,0,2,0,2,-0.058061224,-0.265480769,11.23908163,12.52278846,45449.84,68397.52,-8.49E-07,0.000247285,-3.88E-06,0.000183088,0,-15,-15,16.8,-1.6,15.2,16.8,-16.6,0.2
EPO 323 dia 5(mg/mL) ,8.06,7.92,240,10.19,313.3,2.1,903818,0.982630273,400,70,5,0,20,5,5,0,5,0,5,0.529473684,-0.040909091,10.15578947,13.33772727,43283.6,100652.8,5.26E-06,0.000234634,-4.06E-07,0.000132512,0,-5,-5,42,-4,38,42,-9,33
EPO 323 dia 2(mg/mL) ,7.49,7.54,231,10.53,318.3,2.1,1066282,1.006675567,400,70,5,0,20,5,5,0,5,0,2,0.529473684,-0.040909091,10.15578947,13.33772727,43283.6,100652.8,5.26E-06,0.000234634,-4.06E-07,0.000132512,0,-5,-5,42,-4,38,42,-9,33
EPO 323 dia 1(mg/mL) ,6.18,11.62,372,12.31,331.9,1.8,2814180,1.8802589,400,70,5,0,20,5,5,0,5,0,1,0.529473684,-0.040909091,10.15578947,13.33772727,43283.6,100652.8,5.26E-06,0.000234634,-4.06E-07,0.000132512,0,-5,-5,42,-4,38,42,-9,33
EPO 311 dia 2(mg/mL) ,9.6,8.4,254,10.33,297.4,2.4,727174,0.875,400,50,25,20,0,5,5,0,5,0,2,-0.382105263,-0.828181818,11.95789474,14.89409091,48603.6,105972.8,-3.61E-06,0.000246029,-7.82E-06,0.000140546,0,-25,-25,42,-4,38,42,-29,13
EPO 311 dia 1(mg/mL) ,9.8,8.48,247,12.72,336,1.7,2267234,0.865306122,400,50,25,20,0,5,5,0,5,0,1,-0.382105263,-0.828181818,11.95789474,14.89409091,48603.6,105972.8,-3.61E-06,0.000246029,-7.82E-06,0.000140546,0,-25,-25,42,-4,38,42,-29,13
EPO 326 dia 5(mg/mL) ,13.2,10.08,376,9.44,324.8,2.7,1011563,0.763636364,400,75,15,0,5,5,5,0,5,0,5,-0.175789474,-0.65,11.53684211,14.53045455,45042,102411.2,-1.72E-06,0.000256135,-6.35E-06,0.000141883,0,-15,-15,42,-4,38,42,-19,23
EPO 326 dia 2(mg/mL) ,12.8,10.67,381,8.63,272.3,2.9,925627,0.83359375,400,75,15,0,5,5,5,0,5,0,2,-0.175789474,-0.65,11.53684211,14.53045455,45042,102411.2,-1.72E-06,0.000256135,-6.35E-06,0.000141883,0,-15,-15,42,-4,38,42,-19,23
EPO 326 dia 1(mg/mL) ,10.82,9.57,290,12.59,382.1,2.2,3952189,0.884473198,400,75,15,0,5,5,5,0,5,0,1,-0.175789474,-0.65,11.53684211,14.53045455,45042,102411.2,-1.72E-06,0.000256135,-6.35E-06,0.000141883,0,-15,-15,42,-4,38,42,-19,23
EPO 336 dia 5(mg/mL) ,6.47,7.33,252,8.73,316.5,2.1,539308,1.132921175,200,15,50,27,3,5,5,0,5,0,5,-1.012526316,-1.372636364,13.39978947,16.13936364,30003.28,58687.88,-1.73E-05,0.000446611,-2.34E-05,0.000275003,0,-50,-50,21,-2,19,21,-52,-31
EPO 336 dia 2(mg/mL) ,6.45,7.84,257,10.01,325,2.3,491276,1.215503876,200,15,50,27,3,5,5,0,5,0,2,-1.012526316,-1.372636364,13.39978947,16.13936364,30003.28,58687.88,-1.73E-05,0.000446611,-2.34E-05,0.000275003,0,-50,-50,21,-2,19,21,-52,-31
EPO 336 dia 1(mg/mL) ,5.87,7.44,247,10.78,328.1,2,1071383,1.26746167,200,15,50,27,3,5,5,0,5,0,1,-1.012526316,-1.372636364,13.39978947,16.13936364,30003.28,58687.88,-1.73E-05,0.000446611,-2.34E-05,0.000275003,0,-50,-50,21,-2,19,21,-52,-31
EPO 1 5(mg/mL) ,9.26,7.37,239,10.9,355.6,2.9,901874,0.795896328,300,98,0,0,0,2,2,0,2,0,5,0.17,-0.050576923,10.71,12.02423077,29141.28,46352.04,3.67E-06,0.00036752,-1.09E-06,0.000259411,0,0,0,12.6,-1.2,11.4,12.6,-1.2,11.4
EPO 2s 2(mg/mL) ,9.09,7.16,242,8.35,268.2,3.6,1147345,0.787678768,300,85,0,5,5,5,5,0,5,0,2,0.359473684,-0.187727273,10.35684211,13.51136364,28910.4,71937.3,5.00E-06,0.000358239,-2.61E-06,0.000187821,0,0,0,31.5,-3,28.5,31.5,-3,28.5
EPO 2s 1(mg/mL) ,6.26,8.54,296,7.46,231.2,2.9,1292669,1.364217252,300,85,0,5,5,5,5,0,5,0,1,0.359473684,-0.187727273,10.35684211,13.51136364,28910.4,71937.3,5.00E-06,0.000358239,-2.61E-06,0.000187821,0,0,0,31.5,-3,28.5,31.5,-3,28.5
EPO 1s 5(mg/mL) ,8.49,13.28,481,13.26,406.2,2.6,2289728,1.564193168,300,85,0,5,5,5,5,0,5,0,5,0.359473684,-0.187727273,10.35684211,13.51136364,28910.4,71937.3,5.00E-06,0.000358239,-2.61E-06,0.000187821,0,0,0,31.5,-3,28.5,31.5,-3,28.5
EPO 18 2(mg/mL) ,6.54,11.35,375,11.99,387.4,2.2,2175750,1.735474006,300,45,25,17,3,10,10,0,10,0,2,-0.368777778,-1.189916667,11.96422222,17.34566667,35344.62,121398.42,-3.04E-06,0.000338502,-9.80E-06,0.000142882,0,-25,-25,63,-6,57,63,-31,32
EPO 18 1(mg/mL) ,7.97,9.4,299,12.23,368.8,2.1,2641558,1.179422836,300,45,25,17,3,10,10,0,10,0,1,-0.368777778,-1.189916667,11.96422222,17.34566667,35344.62,121398.42,-3.04E-06,0.000338502,-9.80E-06,0.000142882,0,-25,-25,63,-6,57,63,-31,32
EPO 7s 5(mg/mL) ,6.16,10.81,352,13.45,442.9,3,1356362,1.75487013,300,63,25,5,5,2,2,0,2,0,5,-0.414183673,-0.601057692,12.06918367,13.305,37945.98,55156.74,-7.51E-06,0.000318062,-1.09E-05,0.000241222,0,-25,-25,12.6,-1.2,11.4,12.6,-26.2,-13.6
EPO 7s 1(mg/mL) ,4.7,7.64,235,8.82,282.7,2.8,1256263,1.625531915,300,63,25,5,5,2,2,0,2,0,1,-0.414183673,-0.601057692,12.06918367,13.305,37945.98,55156.74,-7.51E-06,0.000318062,-1.09E-05,0.000241222,0,-25,-25,12.6,-1.2,11.4,12.6,-26.2,-13.6
EPO 17s 1(mg/mL) ,14.35,12.3,398,12.34,375.2,2.7,2590836,0.857142857,300,40,25,22,8,5,5,0,5,0,1,-0.150947368,-0.628545455,11.54505263,14.53754545,37492.62,80519.52,-1.87E-06,0.000307929,-7.81E-06,0.000180547,0,-25,-25,31.5,-3,28.5,31.5,-28,3.5
EPO 11 2(mg/mL) ,10.1,7.65,234,8.41,272.3,2.9,945774,0.757425743,300,65,25,5,0,5,5,0,5,0,2,-0.562105263,-0.983636364,12.33842105,15.22272727,36407.7,79434.6,-7.08E-06,0.000338896,-1.24E-05,0.000191638,0,-25,-25,31.5,-3,28.5,31.5,-28,3.5
EPO 11 1(mg/mL) ,8.64,7.6,233,9.29,288.2,2.8,1632482,0.87962963,300,65,25,5,0,5,5,0,5,0,1,-0.562105263,-0.983636364,12.33842105,15.22272727,36407.7,79434.6,-7.08E-06,0.000338896,-1.24E-05,0.000191638,0,-25,-25,31.5,-3,28.5,31.5,-28,3.5
EPO 2 2(mg/mL) ,7.84,10.05,332,10.47,330.3,3.6,1943193,1.281887755,300,95,0,0,0,5,5,0,5,0,2,0.17,-0.351363636,10.71,13.81636364,28249.2,71276.1,2.39E-06,0.000379126,-4.93E-06,0.000193843,0,0,0,31.5,-3,28.5,31.5,-3,28.5
EPO 8 2(mg/mL) ,9.55,10.42,323,11.71,362.4,3.1,1931559,1.091099476,300,70,25,0,0,5,5,0,5,0,2,-0.622105263,-1.035454545,12.46526316,15.33227273,36392.7,79419.6,-7.83E-06,0.000342521,-1.30E-05,0.000193054,0,-25,-25,31.5,-3,28.5,31.5,-28,3.5
EPO 2 1(mg/mL) ,7.24,10.04,326,10.24,314.3,2.7,2681636,1.386740331,300,95,0,0,0,5,5,0,5,0,1,0.17,-0.351363636,10.71,13.81636364,28249.2,71276.1,2.39E-06,0.000379126,-4.93E-06,0.000193843,0,0,0,31.5,-3,28.5,31.5,-3,28.5
EPO 8 1(mg/mL) ,6.73,10.79,319,12.5,376.3,2.8,2060936,1.603268945,300,70,25,0,0,5,5,0,5,0,1,-0.622105263,-1.035454545,12.46526316,15.33227273,36392.7,79419.6,-7.83E-06,0.000342521,-1.30E-05,0.000193054,0,-25,-25,31.5,-3,28.5,31.5,-28,3.5
EPO 9 5(mg/mL) ,9.56,9.05,299,8.16,239,2.4,1187762,0.94665272,300,65,25,0,0,10,10,0,10,0,5,-0.666111111,-1.412916667,12.56277778,17.79458333,34905.9,120959.7,-5.51E-06,0.000359904,-1.17E-05,0.000147112,0,-25,-25,63,-6,57,63,-31,32
EPO 10 5(mg/mL) ,18.6,11.98,420,11.8,384.4,2.4,1741308,0.644086022,300,68,25,5,0,2,2,0,2,0,5,-0.539693878,-0.719326923,12.28857143,13.51173077,37299.78,54510.54,-9.90E-06,0.000329454,-1.32E-05,0.000247874,0,-25,-25,12.6,-1.2,11.4,12.6,-26.2,-13.6
EPO 3 5(mg/mL) ,12.37,10.86,352,12.8,405,3,3792046,0.877930477,300,90,0,0,0,10,10,0,10,0,5,0.17,-0.785833333,10.71,16.405,26762.4,112816.2,1.51E-06,0.000400188,-6.97E-06,0.000145414,0,0,0,63,-6,57,63,-6,57
EPO 3 2(mg/mL) ,9.57,11.95,379,11.88,345.6,2.9,4944780,1.248693835,300,90,0,0,0,10,10,0,10,0,2,0.17,-0.785833333,10.71,16.405,26762.4,112816.2,1.51E-06,0.000400188,-6.97E-06,0.000145414,0,0,0,63,-6,57,63,-6,57
EPO 7 5(mg/mL) ,17.58,12.57,462,10.81,345,2.8,1310733,0.715017065,300,73,25,0,0,2,2,0,2,0,5,-0.597857143,-0.774134615,12.41153061,13.62759615,37284.78,54495.54,-1.10E-05,0.000332885,-1.42E-05,0.000250068,0,-25,-25,12.6,-1.2,11.4,12.6,-26.2,-13.6
HEPES EPO 10s 5(mg/mL) ,14.71,13.57,475,13.35,442.7,2.4,2064148,0.9225017,300,58,25,10,5,2,2,0,2,0,5,-0.356020408,-0.54625,11.94622449,13.18913462,37960.98,55171.74,-6.45E-06,0.000314697,-9.90E-06,0.000239056,0,-25,-25,12.6,-1.2,11.4,12.6,-26.2,-13.6
HEPES EPO 14s 2(mg/mL) ,12.47,11.57,389,11.56,374.1,2.6,2392562,0.927826784,300,45,25,17,8,5,5,0,5,0,2,-0.210947368,-0.680363636,11.67189474,14.64709091,37477.62,80504.52,-2.62E-06,0.000311436,-8.45E-06,0.000181941,0,-25,-25,31.5,-3,28.5,31.5,-28,3.5
HEPES EPO 14s 1(mg/mL) ,10.01,8.83,293,8.56,272.4,2.5,1768649,0.882117882,300,45,25,17,8,5,5,0,5,0,1,-0.210947368,-0.680363636,11.67189474,14.64709091,37477.62,80504.52,-2.62E-06,0.000311436,-8.45E-06,0.000181941,0,-25,-25,31.5,-3,28.5,31.5,-28,3.5
HEPES EPO 1s 5(mg/mL) ,6.49,9.71,305,12.75,397.6,2.9,1214563,1.49614792,300,88,0,5,5,2,2,0,2,0,5,0.353673469,0.1225,10.36765306,11.70163462,29802.48,47013.24,7.52E-06,0.000347879,2.61E-06,0.000248901,0,0,0,12.6,-1.2,11.4,12.6,-1.2,11.4
HEPES EPO 1s 2(mg/mL) ,18.97,13.3,411,142.1,393.4,2.8,2245512,0.701107011,300,88,0,5,5,2,2,0,2,0,2,0.353673469,0.1225,10.36765306,11.70163462,29802.48,47013.24,7.52E-06,0.000347879,2.61E-06,0.000248901,0,0,0,12.6,-1.2,11.4,12.6,-1.2,11.4
HEPES EPO 1s 1(mg/mL) ,20.7,13.32,371,14.65,406.2,2.3,2863547,0.643478261,300,88,0,5,5,2,2,0,2,0,1,0.353673469,0.1225,10.36765306,11.70163462,29802.48,47013.24,7.52E-06,0.000347879,2.61E-06,0.000248901,0,0,0,12.6,-1.2,11.4,12.6,-1.2,11.4
HEPES EPO 18 5(mg/mL) ,10.61,12.49,396,14.01,411.3,2.6,5525324,1.177191329,300,35,25,22,8,10,10,0,10,0,5,-0.168777778,-1.039916667,11.59144444,17.06608333,36005.82,122059.62,-1.38E-06,0.000321933,-8.52E-06,0.000139818,0,-25,-25,63,-6,57,63,-31,32
HEPES EPO 18 2(mg/mL) ,10.94,8.14,287,7.47,234.5,2.9,698943,0.744058501,300,35,25,22,8,10,10,0,10,0,2,-0.168777778,-1.039916667,11.59144444,17.06608333,36005.82,122059.62,-1.38E-06,0.000321933,-8.52E-06,0.000139818,0,-25,-25,63,-6,57,63,-31,32
HEPES EPO 1 5(mg/mL) ,15.83,12.93,426,12.24,414.3,3,1096970,0.816803538,300,98,0,0,0,2,2,0,2,0,5,0.17,-0.050576923,10.71,12.02423077,29141.28,46352.04,3.67E-06,0.00036752,-1.09E-06,0.000259411,0,0,0,12.6,-1.2,11.4,12.6,-1.2,11.4
HEPES EPO 1 2(mg/mL) ,14.3,10.54,370,9.72,315.9,2.7,1075240,0.737062937,300,98,0,0,0,2,2,0,2,0,2,0.17,-0.050576923,10.71,12.02423077,29141.28,46352.04,3.67E-06,0.00036752,-1.09E-06,0.000259411,0,0,0,12.6,-1.2,11.4,12.6,-1.2,11.4
HEPES EPO 2s 1(mg/mL) ,10.83,8.45,285,9.59,336,3.8,876485,0.780240074,300,85,0,5,5,5,5,0,5,0,1,0.359473684,-0.187727273,10.35684211,13.51136364,28910.4,71937.3,5.00E-06,0.000358239,-2.61E-06,0.000187821,0,0,0,31.5,-3,28.5,31.5,-3,28.5
HEPES EPO 17 2(mg/mL) ,12.35,10.82,385,9.11,291.5,2.1,970257,0.87611336,300,50,25,17,3,5,5,0,5,0,2,-0.340421053,-0.792181818,11.89821053,14.84254545,36831.42,79858.32,-4.26E-06,0.000323045,-9.92E-06,0.000185861,0,-25,-25,31.5,-3,28.5,31.5,-28,3.5
HEPES EPO 11 2(mg/mL) ,10.91,7.92,278,7.5,237.4,3.1,846620,0.725939505,300,65,25,5,0,5,5,0,5,0,2,-0.562105263,-0.983636364,12.33842105,15.22272727,36407.7,79434.6,-7.08E-06,0.000338896,-1.24E-05,0.000191638,0,-25,-25,31.5,-3,28.5,31.5,-28,3.5
HEPES EPO 8 2(mg/mL) ,11.91,10.8,381,10.79,351.4,3,1120102,0.906801008,300,70,25,0,0,5,5,0,5,0,2,-0.622105263,-1.035454545,12.46526316,15.33227273,36392.7,79419.6,-7.83E-06,0.000342521,-1.30E-05,0.000193054,0,-25,-25,31.5,-3,28.5,31.5,-28,3.5
HEPES EPO 7 2(mg/mL) ,5.03,7.25,228,7.19,222.8,1.9,1769754,1.441351889,300,73,25,0,0,2,2,0,2,0,2,-0.597857143,-0.774134615,12.41153061,13.62759615,37284.78,54495.54,-1.10E-05,0.000332885,-1.42E-05,0.000250068,0,-25,-25,12.6,-1.2,11.4,12.6,-26.2,-13.6
EPO 122 2(mg/mL) ,13.53,9.52,294,10.5,357.5,2.9,2382942,0.703621582,200,80,5,10,0,5,5,0,5,0,2,0.131578947,-0.384545455,10.80736842,13.90045455,19938.6,48623.2,2.71E-06,0.000542032,-7.91E-06,0.000285881,0,-5,-5,21,-2,19,21,-7,14
EPO 122 1(mg/mL) ,14,9.15,295,9.59,327.6,2.8,1804713,0.653571429,200,80,5,10,0,5,5,0,5,0,1,0.131578947,-0.384545455,10.80736842,13.90045455,19938.6,48623.2,2.71E-06,0.000542032,-7.91E-06,0.000285881,0,-5,-5,21,-2,19,21,-7,14
EPO 125 5(mg/mL) ,9.31,7.44,259,6.69,203.1,1.7,744716,0.799140709,200,85,5,0,5,5,5,0,5,0,5,0.141052632,-0.376363636,10.83473684,13.92409091,20349.4,49034,2.88E-06,0.000532435,-7.68E-06,0.000283968,0,-5,-5,21,-2,19,21,-7,14
EPO 133 5(mg/mL) ,11.11,8.94,325,8.44,293.5,1.9,413964,0.804680468,400,63,25,10,0,2,2,0,2,0,5,-0.481530612,-0.664519231,12.16561224,13.39586538,49753.04,72700.72,-6.62E-06,0.00024452,-9.14E-06,0.00018426,0,-25,-25,16.8,-1.6,15.2,16.8,-26.6,-9.8
EPO 133 2(mg/mL) ,11.9,9.05,309,9.75,290.7,1.7,586917,0.760504202,400,63,25,10,0,2,2,0,2,0,2,-0.481530612,-0.664519231,12.16561224,13.39586538,49753.04,72700.72,-6.62E-06,0.00024452,-9.14E-06,0.00018426,0,-25,-25,16.8,-1.6,15.2,16.8,-26.6,-9.8
EPO 133 1(mg/mL) ,11.2,7.12,243,6.63,179.9,1.2,1257274,0.635714286,400,63,25,10,0,2,2,0,2,0,1,-0.481530612,-0.664519231,12.16561224,13.39586538,49753.04,72700.72,-6.62E-06,0.00024452,-9.14E-06,0.00018426,0,-25,-25,16.8,-1.6,15.2,16.8,-26.6,-9.8
EPO 100 5(mg/mL) ,10.6,7.14,232,8.86,347.5,3,320260,0.673584906,300,83,5,10,0,2,2,0,2,0,5,0.132755102,-0.085673077,10.80438776,12.11317308,30799.98,48010.74,2.77E-06,0.000350792,-1.78E-06,0.000252301,0,-5,-5,12.6,-1.2,11.4,12.6,-6.2,6.4
EPO 100 2(mg/mL) ,9.6,9.03,232,8.77,310.5,2.9,347142,0.940625,300,83,5,10,0,2,2,0,2,0,2,0.132755102,-0.085673077,10.80438776,12.11317308,30799.98,48010.74,2.77E-06,0.000350792,-1.78E-06,0.000252301,0,-5,-5,12.6,-1.2,11.4,12.6,-6.2,6.4
EPO 95 5(mg/mL) ,11.6,8.8,305,10.38,383.3,3.2,521634,0.75862069,300,70,25,0,0,5,5,0,5,0,5,-0.622105263,-1.035454545,12.46526316,15.33227273,36392.7,79419.6,-7.83E-06,0.000342521,-1.30E-05,0.000193054,0,-25,-25,31.5,-3,28.5,31.5,-28,3.5
EPO 95 2(mg/mL) ,10.2,8.29,284,8.25,271.6,3,531439,0.812745098,300,70,25,0,0,5,5,0,5,0,2,-0.622105263,-1.035454545,12.46526316,15.33227273,36392.7,79419.6,-7.83E-06,0.000342521,-1.30E-05,0.000193054,0,-25,-25,31.5,-3,28.5,31.5,-28,3.5
EPO 95 1(mg/mL) ,9.9,7.82,253,10.86,366.8,3,486060,0.78989899,300,70,25,0,0,5,5,0,5,0,1,-0.622105263,-1.035454545,12.46526316,15.33227273,36392.7,79419.6,-7.83E-06,0.000342521,-1.30E-05,0.000193054,0,-25,-25,31.5,-3,28.5,31.5,-28,3.5
EPO 104 5(mg/mL) ,17.6,11.1,369,12.33,453.1,3.1,2002992,0.630681818,300,85,5,0,5,5,5,0,5,0,5,0.141052632,-0.376363636,10.83473684,13.92409091,30524.1,73551,1.92E-06,0.000354957,-5.12E-06,0.000189312,0,-5,-5,31.5,-3,28.5,31.5,-8,23.5
EPO 104 2(mg/mL) ,15.1,10.73,387,10.64,373.8,3,1390225,0.710596026,300,85,5,0,5,5,5,0,5,0,2,0.141052632,-0.376363636,10.83473684,13.92409091,30524.1,73551,1.92E-06,0.000354957,-5.12E-06,0.000189312,0,-5,-5,31.5,-3,28.5,31.5,-8,23.5
EPO 83 2(mg/mL) ,15.78,11.3,422,11.28,409.5,2.9,1562914,0.716096324,200,80,0,12,3,5,5,0,5,0,2,0.391684211,-0.159909091,10.26978947,13.43618182,19115.28,47799.88,8.19E-06,0.000537256,-3.35E-06,0.000281092,0,0,0,21,-2,19,21,-2,19
EPO 83 1(mg/mL) ,12.25,8.88,311,10.14,368.7,2.7,1376259,0.724897959,200,80,0,12,3,5,5,0,5,0,1,0.391684211,-0.159909091,10.26978947,13.43618182,19115.28,47799.88,8.19E-06,0.000537256,-3.35E-06,0.000281092,0,0,0,21,-2,19,21,-2,19
EPO 80 5(mg/mL) ,10.06,8.07,282,8.83,341.9,2.9,1119316,0.802186879,200,95,0,0,0,5,5,0,5,0,5,0.17,-0.351363636,10.71,13.81636364,18832.8,47517.4,3.58E-06,0.000568689,-7.39E-06,0.000290764,0,0,0,21,-2,19,21,-2,19
EPO 80 2(mg/mL) ,10.14,8.19,301,8.07,292.5,3,841580,0.807692308,200,95,0,0,0,5,5,0,5,0,2,0.17,-0.351363636,10.71,13.81636364,18832.8,47517.4,3.58E-06,0.000568689,-7.39E-06,0.000290764,0,0,0,21,-2,19,21,-2,19
EPO 80 1(mg/mL) ,9.8,8.28,300,8.79,319.9,2.8,932936,0.844897959,200,95,0,0,0,5,5,0,5,0,1,0.17,-0.351363636,10.71,13.81636364,18832.8,47517.4,3.58E-06,0.000568689,-7.39E-06,0.000290764,0,0,0,21,-2,19,21,-2,19
EPO 82 5(mg/mL) ,11.2,8.38,282,9.82,358.7,3.1,497746,0.748214286,200,83,0,12,3,2,2,0,2,0,5,0.384897959,0.151923077,10.28326531,11.62211538,19710,31183.84,1.23E-05,0.000521728,4.87E-06,0.000372697,0,0,0,8.4,-0.8,7.6,8.4,-0.8,7.6
EPO 82 2(mg/mL) ,10.9,8.98,323,10.03,358.9,3,458373,0.823853211,200,83,0,12,3,2,2,0,2,0,2,0.384897959,0.151923077,10.28326531,11.62211538,19710,31183.84,1.23E-05,0.000521728,4.87E-06,0.000372697,0,0,0,8.4,-0.8,7.6,8.4,-0.8,7.6
EPO 82 1(mg/mL) ,9.7,8.45,294,8.3,280.2,3.1,387990,0.871134021,200,83,0,12,3,2,2,0,2,0,1,0.384897959,0.151923077,10.28326531,11.62211538,19710,31183.84,1.23E-05,0.000521728,4.87E-06,0.000372697,0,0,0,8.4,-0.8,7.6,8.4,-0.8,7.6
EPO 86 5(mg/mL) ,14.09,11.77,427,13.24,473.3,3,1516099,0.835344216,400,95,0,0,0,5,5,0,5,0,5,0.17,-0.351363636,10.71,13.81636364,37665.6,95034.8,1.79E-06,0.000284344,-3.70E-06,0.000145382,0,0,0,42,-4,38,42,-4,38
EPO 86 2(mg/mL) ,13.68,11.85,425,11.11,379.2,3.1,1299591,0.86622807,400,95,0,0,0,5,5,0,5,0,2,0.17,-0.351363636,10.71,13.81636364,37665.6,95034.8,1.79E-06,0.000284344,-3.70E-06,0.000145382,0,0,0,42,-4,38,42,-4,38
EPO 78 5(mg/mL) ,11.5,9.94,360,8.7,293.5,2.2,623945,0.864347826,300,40,25,12,13,10,10,0,10,0,5,-0.158777778,-1.032416667,11.62033333,17.08775,36622.02,122675.82,-1.29E-06,0.000317305,-8.42E-06,0.000139292,0,-25,-25,63,-6,57,63,-31,32
EPO 78 2(mg/mL) ,9.8,8.95,312,8.55,283.5,2.3,208362,0.913265306,300,40,25,12,13,10,10,0,10,0,2,-0.158777778,-1.032416667,11.62033333,17.08775,36622.02,122675.82,-1.29E-06,0.000317305,-8.42E-06,0.000139292,0,-25,-25,63,-6,57,63,-31,32
EPO 85 5(mg/mL) ,13.1,9.4,342,10.33,379.9,3,517453,0.717557252,400,98,0,0,0,2,2,0,2,0,5,0.17,-0.050576923,10.71,12.02423077,38855.04,61802.72,2.75E-06,0.00027564,-8.18E-07,0.000194558,0,0,0,16.8,-1.6,15.2,16.8,-1.6,15.2
EPO 85 2(mg/mL) ,12.5,9.39,327,10.61,375.9,3,296765,0.7512,400,98,0,0,0,2,2,0,2,0,2,0.17,-0.050576923,10.71,12.02423077,38855.04,61802.72,2.75E-06,0.00027564,-8.18E-07,0.000194558,0,0,0,16.8,-1.6,15.2,16.8,-1.6,15.2
EPO 85 1(mg/mL) ,12.1,9.18,339,7.92,260.9,2.7,217805,0.758677686,400,98,0,0,0,2,2,0,2,0,1,0.17,-0.050576923,10.71,12.02423077,38855.04,61802.72,2.75E-06,0.00027564,-8.18E-07,0.000194558,0,0,0,16.8,-1.6,15.2,16.8,-1.6,15.2
EPO 84 5(mg/mL) ,9.86,9.39,330,10.44,371.8,2.5,361852,0.952332657,200,75,0,12,3,10,10,0,10,0,5,0.404,-0.610333333,10.24533333,16.0565,18124.08,75493.28,5.35E-06,0.000565288,-8.08E-06,0.000212688,0,0,0,42,-4,38,42,-4,38
EPO 92 5(mg/mL) ,12.6,9.67,358,9.52,338.3,3.5,532582,0.767460317,300,80,15,0,0,5,5,0,5,0,5,-0.305263158,-0.761818182,11.76315789,14.72590909,33135.3,76162.2,-4.01E-06,0.000355004,-1.00E-05,0.000193349,0,-15,-15,31.5,-3,28.5,31.5,-18,13.5
EPO 84 2(mg/mL) ,11.5,9.34,329,8.42,276.1,1.9,657024,0.812173913,200,75,0,12,3,10,10,0,10,0,2,0.404,-0.610333333,10.24533333,16.0565,18124.08,75493.28,5.35E-06,0.000565288,-8.08E-06,0.000212688,0,0,0,42,-4,38,42,-4,38
EPO 92 2(mg/mL) ,11.5,8.98,324,8.96,306.1,3.4,499448,0.780869565,300,80,15,0,0,5,5,0,5,0,2,-0.305263158,-0.761818182,11.76315789,14.72590909,33135.3,76162.2,-4.01E-06,0.000355004,-1.00E-05,0.000193349,0,-15,-15,31.5,-3,28.5,31.5,-18,13.5
EPO 92 1(mg/mL) ,10,9.35,325,9.25,311.8,2.6,683813,0.935,300,80,15,0,0,5,5,0,5,0,1,-0.305263158,-0.761818182,11.76315789,14.72590909,33135.3,76162.2,-4.01E-06,0.000355004,-1.00E-05,0.000193349,0,-15,-15,31.5,-3,28.5,31.5,-18,13.5
EPO 79 5(mg/mL) ,10,8.09,291,8.03,285.4,3.2,353024,0.809,200,98,0,0,0,2,2,0,2,0,5,0.17,-0.050576923,10.71,12.02423077,19427.52,30901.36,5.50E-06,0.00055128,-1.64E-06,0.000389117,0,0,0,8.4,-0.8,7.6,8.4,-0.8,7.6
EPO 88 5(mg/mL)  (Incomplete),13,10.19,380,11.99,412.5,3,399349,0.783846154,300,93,5,0,0,2,2,0,2,0,5,0.016428571,-0.195288462,11.05030612,12.34490385,30769.98,47980.74,3.42E-07,0.000359126,-4.07E-06,0.000257289,0,-5,-5,12.6,-1.2,11.4,12.6,-6.2,6.4
EPO 88 2(mg/mL) ,10.8,10.01,350,11.99,412.6,2.8,462730,0.926851852,300,93,5,0,0,2,2,0,2,0,2,0.016428571,-0.195288462,11.05030612,12.34490385,30769.98,47980.74,3.42E-07,0.000359126,-4.07E-06,0.000257289,0,-5,-5,12.6,-1.2,11.4,12.6,-6.2,6.4
EPO 79 1(mg/mL) ,8.5,8.02,283,7.54,254.6,3.6,230948,0.943529412,200,98,0,0,0,2,2,0,2,0,1,0.17,-0.050576923,10.71,12.02423077,19427.52,30901.36,5.50E-06,0.00055128,-1.64E-06,0.000389117,0,0,0,8.4,-0.8,7.6,8.4,-0.8,7.6
EPO 119 5(mg/mL) ,12.2,8.57,291,9.98,388.6,3.4,1121573,0.702459016,200,85,5,5,0,5,5,0,5,0,5,0.071578947,-0.436363636,10.93421053,14.01,19928.6,48613.2,1.47E-06,0.000548669,-8.98E-06,0.000288193,0,-5,-5,21,-2,19,21,-7,14
EPO 119 2(mg/mL) ,10.9,8.38,289,8.71,308.4,3.2,1326482,0.768807339,200,85,5,5,0,5,5,0,5,0,2,0.071578947,-0.436363636,10.93421053,14.01,19928.6,48613.2,1.47E-06,0.000548669,-8.98E-06,0.000288193,0,-5,-5,21,-2,19,21,-7,14
EPO 119 1(mg/mL) ,10.4,8.02,266,8,263.4,3.3,1155930,0.771153846,200,85,5,5,0,5,5,0,5,0,1,0.071578947,-0.436363636,10.93421053,14.01,19928.6,48613.2,1.47E-06,0.000548669,-8.98E-06,0.000288193,0,-5,-5,21,-2,19,21,-7,14
EPO 81 5(mg/mL) ,12.3,10.04,373,8.94,297.6,2.1,694028,0.816260163,200,90,0,0,0,10,10,0,10,0,5,0.17,-0.785833333,10.71,16.405,17841.6,75210.8,2.26E-06,0.000600282,-1.04E-05,0.00021812,0,0,0,42,-4,38,42,-4,38
EPO 81 2(mg/mL) ,11.1,10.01,342,9.55,304.7,2.2,715927,0.901801802,200,90,0,0,0,10,10,0,10,0,2,0.17,-0.785833333,10.71,16.405,17841.6,75210.8,2.26E-06,0.000600282,-1.04E-05,0.00021812,0,0,0,42,-4,38,42,-4,38
EPO 81 1(mg/mL) ,9.7,9.59,303,9.54,289.5,1.3,1212521,0.988659794,200,90,0,0,0,10,10,0,10,0,1,0.17,-0.785833333,10.71,16.405,17841.6,75210.8,2.26E-06,0.000600282,-1.04E-05,0.00021812,0,0,0,42,-4,38,42,-4,38
EPO 146 5(mg/mL) ,18.26,13.19,434,14.28,521.3,3.8,2918093,0.722343921,400,80,15,0,0,5,5,0,5,0,5,-0.305263158,-0.761818182,11.76315789,14.72590909,44180.4,101549.6,-3.01E-06,0.000266253,-7.50E-06,0.000145012,0,-15,-15,42,-4,38,42,-19,23
EPO 179 5(mg/mL) ,18.01,11.41,418,11.64,448.6,3.8,3900207,0.633536924,300,90,0,0,5,5,5,0,5,0,5,0.299473684,-0.239545455,10.48368421,13.62090909,28895.4,71922.3,4.16E-06,0.000362815,-3.33E-06,0.000189384,0,0,0,31.5,-3,28.5,31.5,-3,28.5
EPO 155 1(mg/mL) ,7.38,11.67,374,12.47,409,3.2,7025203,1.581300813,400,85,5,0,5,5,5,0,5,0,1,0.141052632,-0.376363636,10.83473684,13.92409091,40698.8,98068,1.44E-06,0.000266218,-3.84E-06,0.000141984,0,-5,-5,42,-4,38,42,-9,33
EPO 165 2(mg/mL) ,6.28,11.03,371,11.7,422.7,3.8,2392367,1.756369427,200,80,0,10,0,10,10,0,10,0,2,0.296666667,-0.690833333,10.44222222,16.20416667,17861.6,75230.8,3.94E-06,0.000584619,-9.18E-06,0.000215393,0,0,0,42,-4,38,42,-4,38
EPO 161 1(mg/mL) ,15.31,10.68,402,10.55,369.2,3,3589958,0.697583279,200,90,0,5,0,5,5,0,5,0,1,0.23,-0.299545455,10.58315789,13.70681818,18842.8,47527.4,4.84E-06,0.000561655,-6.30E-06,0.000288398,0,0,0,21,-2,19,21,-2,19
EPO 170 2(mg/mL) ,6.07,11.61,338,14.41,466.8,3.6,9771980,1.912685338,200,85,0,0,10,5,5,0,5,0,2,0.428947368,-0.127727273,10.25736842,13.42545455,19694.4,48379,8.87E-06,0.000520827,-2.64E-06,0.000277506,0,0,0,21,-2,19,21,-2,19
EPO 75 5(mg/mL) ,9.83,9.41,288,11.41,377.5,1.9,909642,0.957273652,300,55,25,0,10,10,10,0,10,0,5,-0.392777778,-1.207916667,12.085,17.43625,36198.3,122252.1,-3.21E-06,0.000333855,-9.88E-06,0.000142625,0,-25,-25,63,-6,57,63,-31,32
EPO 194 2(mg/mL) ,21.54,13.09,397,16.78,537.6,3.6,8901578,0.607706592,400,85,0,0,10,5,5,0,5,0,2,0.428947368,-0.127727273,10.25736842,13.42545455,39388.8,96758,4.43E-06,0.000260413,-1.32E-06,0.000138753,0,0,0,42,-4,38,42,-4,38
EPO 75 2(mg/mL) ,10.4,9.98,352,8.72,277.2,2.3,411710,0.959615385,300,55,25,0,10,10,10,0,10,0,2,-0.392777778,-1.207916667,12.085,17.43625,36198.3,122252.1,-3.21E-06,0.000333855,-9.88E-06,0.000142625,0,-25,-25,63,-6,57,63,-31,32
EPO 75 1(mg/mL) ,8.61,9.29,331,7.87,252.8,2,275348,1.078977933,300,55,25,0,10,10,10,0,10,0,1,-0.392777778,-1.207916667,12.085,17.43625,36198.3,122252.1,-3.21E-06,0.000333855,-9.88E-06,0.000142625,0,-25,-25,63,-6,57,63,-31,32
EPO 158 5(mg/mL) ,10.01,12.29,389,15.08,520.2,3,4567785,1.227772228,400,80,5,0,10,5,5,0,5,0,5,0.270526316,-0.264545455,10.60842105,13.72863636,41560.4,98929.6,2.73E-06,0.000255253,-2.67E-06,0.000138772,0,-5,-5,42,-4,38,42,-9,33
EPO 166 5(mg/mL) ,11.56,9.13,356,9.68,401.2,3.6,850884,0.789792388,200,93,0,0,5,2,2,0,2,0,5,0.295510204,0.067692308,10.49061224,11.8175,19858.32,31332.16,9.43E-06,0.000528273,2.16E-06,0.000377168,0,0,0,8.4,-0.8,7.6,8.4,-0.8,7.6
EPO 166 2(mg/mL) ,10.39,8.16,273,10.63,411.2,3.7,823218,0.785370549,200,93,0,0,5,2,2,0,2,0,2,0.295510204,0.067692308,10.49061224,11.8175,19858.32,31332.16,9.43E-06,0.000528273,2.16E-06,0.000377168,0,0,0,8.4,-0.8,7.6,8.4,-0.8,7.6
EPO 166 1(mg/mL) ,12.5,8.31,298,8.21,286.9,3.6,774434,0.6648,200,93,0,0,5,2,2,0,2,0,1,0.295510204,0.067692308,10.49061224,11.8175,19858.32,31332.16,9.43E-06,0.000528273,2.16E-06,0.000377168,0,0,0,8.4,-0.8,7.6,8.4,-0.8,7.6
EPO 172 5(mg/mL) ,12.51,9.65,357,10.69,424.6,3.7,920817,0.771382894,300,93,0,5,0,2,2,0,2,0,5,0.228163265,0.004230769,10.58704082,11.90836538,29156.28,46367.04,4.92E-06,0.000363114,9.12E-08,0.000256828,0,0,0,12.6,-1.2,11.4,12.6,-1.2,11.4
EPO 172 2(mg/mL) ,11.76,9.17,345,9.92,376.5,3.8,759697,0.779761905,300,93,0,5,0,2,2,0,2,0,2,0.228163265,0.004230769,10.58704082,11.90836538,29156.28,46367.04,4.92E-06,0.000363114,9.12E-08,0.000256828,0,0,0,12.6,-1.2,11.4,12.6,-1.2,11.4
EPO 163 2(mg/mL) ,9.7,7.81,287,8.86,358.9,3.6,795332,0.805154639,200,88,10,0,0,2,2,0,2,0,2,-0.137142857,-0.34,11.39061224,12.66557692,21599.12,33072.96,-4.15E-06,0.000527365,-1.03E-05,0.000382959,0,-10,-10,8.4,-0.8,7.6,8.4,-10.8,-2.4
EPO 172 1(mg/mL) ,4.69,7.31,245,9.23,339.4,3.7,714385,1.558635394,300,93,0,5,0,2,2,0,2,0,1,0.228163265,0.004230769,10.58704082,11.90836538,29156.28,46367.04,4.92E-06,0.000363114,9.12E-08,0.000256828,0,0,0,12.6,-1.2,11.4,12.6,-1.2,11.4
EPO 160 5(mg/mL) ,9.58,7.06,250,8.51,351.2,3.8,584173,0.736951983,200,93,0,5,0,2,2,0,2,0,5,0.228163265,0.004230769,10.58704082,11.90836538,19437.52,30911.36,7.38E-06,0.00054467,1.37E-07,0.000385242,0,0,0,8.4,-0.8,7.6,8.4,-0.8,7.6
EPO 160 2(mg/mL) ,9.71,6.37,217,7.12,267.1,3.8,559470,0.656024717,200,93,0,5,0,2,2,0,2,0,2,0.228163265,0.004230769,10.58704082,11.90836538,19437.52,30911.36,7.38E-06,0.00054467,1.37E-07,0.000385242,0,0,0,8.4,-0.8,7.6,8.4,-0.8,7.6
EPO 160 1(mg/mL) ,11.19,7.76,265,10.22,346,3.5,654592,0.693476318,200,93,0,5,0,2,2,0,2,0,1,0.228163265,0.004230769,10.58704082,11.90836538,19437.52,30911.36,7.38E-06,0.00054467,1.37E-07,0.000385242,0,0,0,8.4,-0.8,7.6,8.4,-0.8,7.6
EPO 176 5(mg/mL) ,15.33,10.07,352,10.56,405.9,3.6,2773555,0.656881931,300,85,0,10,0,5,5,0,5,0,5,0.29,-0.247727273,10.45631579,13.59727273,28279.2,71306.1,4.07E-06,0.000369753,-3.47E-06,0.000190689,0,0,0,31.5,-3,28.5,31.5,-3,28.5
EPO 176 2(mg/mL) ,14.73,10.12,359,10.79,402.8,3.8,2468762,0.687033265,300,85,0,10,0,5,5,0,5,0,2,0.29,-0.247727273,10.45631579,13.59727273,28279.2,71306.1,4.07E-06,0.000369753,-3.47E-06,0.000190689,0,0,0,31.5,-3,28.5,31.5,-3,28.5
EPO 176 1(mg/mL) ,14.63,9.19,300,9.27,299,3.6,2220130,0.628161312,300,85,0,10,0,5,5,0,5,0,1,0.29,-0.247727273,10.45631579,13.59727273,28279.2,71306.1,4.07E-06,0.000369753,-3.47E-06,0.000190689,0,0,0,31.5,-3,28.5,31.5,-3,28.5
EPO 164 5(mg/mL) ,16.2,10.59,345,12.29,440.1,3.8,4899941,0.653703704,200,85,0,10,0,5,5,0,5,0,5,0.29,-0.247727273,10.45631579,13.59727273,18852.8,47537.4,6.10E-06,0.000554629,-5.21E-06,0.000286033,0,0,0,21,-2,19,21,-2,19
EPO 164 2(mg/mL) ,15.46,10.79,367,10.94,381.9,3.7,3091173,0.697930142,200,85,0,10,0,5,5,0,5,0,2,0.29,-0.247727273,10.45631579,13.59727273,18852.8,47537.4,6.10E-06,0.000554629,-5.21E-06,0.000286033,0,0,0,21,-2,19,21,-2,19
EPO 164 1(mg/mL) ,15.4,10.79,387,10.61,362.8,3.7,2865288,0.700649351,200,85,0,10,0,5,5,0,5,0,1,0.29,-0.247727273,10.45631579,13.59727273,18852.8,47537.4,6.10E-06,0.000554629,-5.21E-06,0.000286033,0,0,0,21,-2,19,21,-2,19
EPO 190 5(mg/mL) ,14.13,11.03,399,12.03,449.5,3.8,848129,0.780608634,400,93,0,0,5,2,2,0,2,0,5,0.295510204,0.067692308,10.49061224,11.8175,39716.64,62664.32,4.72E-06,0.000264136,1.08E-06,0.000188584,0,0,0,16.8,-1.6,15.2,16.8,-1.6,15.2
EPO 190 2(mg/mL) ,13.78,10.58,371,12.04,416.8,3.8,941118,0.76777939,400,93,0,0,5,2,2,0,2,0,2,0.295510204,0.067692308,10.49061224,11.8175,39716.64,62664.32,4.72E-06,0.000264136,1.08E-06,0.000188584,0,0,0,16.8,-1.6,15.2,16.8,-1.6,15.2
EPO 190 1(mg/mL) ,11.95,9.26,294,10.79,341.4,3.2,1152485,0.774895397,400,93,0,0,5,2,2,0,2,0,1,0.295510204,0.067692308,10.49061224,11.8175,39716.64,62664.32,4.72E-06,0.000264136,1.08E-06,0.000188584,0,0,0,16.8,-1.6,15.2,16.8,-1.6,15.2
EPO 12 5(mg/mL) ,5.61,9.48,309,11.16,374.5,3.6,577920,1.689839572,300,60,25,5,0,10,10,0,10,0,5,-0.602777778,-1.365416667,12.42888889,17.69416667,34920.9,120974.7,-4.98E-06,0.000355915,-1.13E-05,0.000146263,0,-25,-25,63,-6,57,63,-31,32
EPO 12 2(mg/mL) ,6.88,7.83,259,9.68,324.6,2.9,577817,1.138081395,300,60,25,5,0,10,10,0,10,0,2,-0.602777778,-1.365416667,12.42888889,17.69416667,34920.9,120974.7,-4.98E-06,0.000355915,-1.13E-05,0.000146263,0,-25,-25,63,-6,57,63,-31,32
EPO 53 2(mg/mL) ,13.6,12.96,387,14.51,448.3,2.6,5040558,0.952941176,400,50,25,12,8,5,5,0,5,0,2,-0.270947368,-0.732181818,11.79873684,14.75663636,49950.16,107319.36,-2.52E-06,0.00023621,-6.82E-06,0.000137502,0,-25,-25,42,-4,38,42,-29,13
EPO 53 1(mg/mL) ,12.8,12.14,373,12.53,373.9,3.1,4560933,0.9484375,400,50,25,12,8,5,5,0,5,0,1,-0.270947368,-0.732181818,11.79873684,14.75663636,49950.16,107319.36,-2.52E-06,0.00023621,-6.82E-06,0.000137502,0,-25,-25,42,-4,38,42,-29,13
EPO 52 5(mg/mL) ,11.31,10.86,355,10.38,343.9,2.6,530093,0.960212202,400,53,25,12,8,2,2,0,2,0,5,-0.25744898,-0.453365385,11.76540816,13.01875,51139.6,74087.28,-3.47E-06,0.000230065,-6.12E-06,0.000175722,0,-25,-25,16.8,-1.6,15.2,16.8,-26.6,-9.8
EPO 69 2(mg/mL) ,19.1,11.46,385,13.62,459.6,2.4,826882,0.6,300,60,25,0,5,10,10,0,10,0,2,-0.529444444,-1.310416667,12.32388889,17.61541667,35552.1,121605.9,-4.35E-06,0.000346643,-1.08E-05,0.000144857,0,-25,-25,63,-6,57,63,-31,32
EPO 69 1(mg/mL) ,5.43,9.19,287,11.59,377.8,2.4,929313,1.692449355,300,60,25,0,5,10,10,0,10,0,1,-0.529444444,-1.310416667,12.32388889,17.61541667,35552.1,121605.9,-4.35E-06,0.000346643,-1.08E-05,0.000144857,0,-25,-25,63,-6,57,63,-31,32
EPO 52 1(mg/mL) ,18.3,11.58,398,10.72,344,2,924283,0.632786885,400,53,25,12,8,2,2,0,2,0,1,-0.25744898,-0.453365385,11.76540816,13.01875,51139.6,74087.28,-3.47E-06,0.000230065,-6.12E-06,0.000175722,0,-25,-25,16.8,-1.6,15.2,16.8,-26.6,-9.8
EPO 51 5(mg/mL) ,11.76,11.35,392,11.04,364.7,2.6,440359,0.965136054,200,45,25,12,8,10,10,0,10,0,5,-0.295444444,-1.134916667,11.85922222,17.26691667,23983.88,81353.08,-3.63E-06,0.000494466,-1.40E-05,0.000212247,0,-25,-25,42,-4,38,42,-29,13
EPO 70 2(mg/mL) ,12.27,10.98,383,10.91,370.6,2.2,512927,0.894865526,300,53,25,12,8,2,2,0,2,0,2,-0.25744898,-0.453365385,11.76540816,13.01875,38354.7,55565.46,-4.63E-06,0.000306753,-8.16E-06,0.000234296,0,-25,-25,12.6,-1.2,11.4,12.6,-26.2,-13.6
EPO 51 2(mg/mL) ,8.5,11.53,378,11.42,358.8,1.8,1075215,1.356470588,200,45,25,12,8,10,10,0,10,0,2,-0.295444444,-1.134916667,11.85922222,17.26691667,23983.88,81353.08,-3.63E-06,0.000494466,-1.40E-05,0.000212247,0,-25,-25,42,-4,38,42,-29,13
EPO 70 1(mg/mL) ,8.57,8.29,235,10.78,339.9,1.1,3495196,0.967327888,300,53,25,12,8,2,2,0,2,0,1,-0.25744898,-0.453365385,11.76540816,13.01875,38354.7,55565.46,-4.63E-06,0.000306753,-8.16E-06,0.000234296,0,-25,-25,12.6,-1.2,11.4,12.6,-26.2,-13.6
EPO 51 1(mg/mL) ,13.4,10.96,352,13.54,445.1,2,1241657,0.817910448,200,45,25,12,8,10,10,0,10,0,1,-0.295444444,-1.134916667,11.85922222,17.26691667,23983.88,81353.08,-3.63E-06,0.000494466,-1.40E-05,0.000212247,0,-25,-25,42,-4,38,42,-29,13
EPO 65 5(mg/mL) ,9.1,9.41,315,9.01,267.1,1.7,876464,1.034065934,300,45,25,22,3,5,5,0,5,0,5,-0.280421053,-0.740363636,11.77136842,14.733,36846.42,79873.32,-3.51E-06,0.000319471,-9.27E-06,0.000184455,0,-25,-25,31.5,-3,28.5,31.5,-28,3.5
EPO 46 5(mg/mL) ,16.6,11.33,430,11.11,414.1,3.5,863299,0.68253012,400,48,25,22,3,2,2,0,2,0,5,-0.266632653,-0.462019231,11.73887755,12.99375,50318,73265.68,-3.64E-06,0.000233294,-6.31E-06,0.000177351,0,-25,-25,16.8,-1.6,15.2,16.8,-26.6,-9.8
EPO 46 2(mg/mL) ,11.25,10.29,351,10.44,351.4,3.2,881030,0.914666667,400,48,25,22,3,2,2,0,2,0,2,-0.266632653,-0.462019231,11.73887755,12.99375,50318,73265.68,-3.64E-06,0.000233294,-6.31E-06,0.000177351,0,-25,-25,16.8,-1.6,15.2,16.8,-26.6,-9.8
EPO 46 1(mg/mL) ,8.66,8.15,281,7.42,240.4,3.4,826064,0.941108545,400,48,25,22,3,2,2,0,2,0,1,-0.266632653,-0.462019231,11.73887755,12.99375,50318,73265.68,-3.64E-06,0.000233294,-6.31E-06,0.000177351,0,-25,-25,16.8,-1.6,15.2,16.8,-26.6,-9.8
EPO 59 5(mg/mL) ,7.26,9.37,321,8.56,261.5,1.5,512334,1.290633609,400,45,25,12,13,5,5,0,5,0,5,-0.141473684,-0.620363636,11.57242105,14.56118182,50811.76,108180.96,-1.31E-06,0.000227751,-5.73E-06,0.0001346,0,-25,-25,42,-4,38,42,-29,13
EPO 47 5(mg/mL) ,8.93,9.2,319,8.94,274.8,1.7,1321694,1.030235162,400,45,25,22,3,5,5,0,5,0,5,-0.280421053,-0.740363636,11.77136842,14.733,49128.56,106497.76,-2.63E-06,0.000239603,-6.95E-06,0.000138341,0,-25,-25,42,-4,38,42,-29,13
EPO 59 2(mg/mL) ,12.69,8.38,272,9.25,295.7,2.5,714193,0.66036249,400,45,25,12,13,5,5,0,5,0,2,-0.141473684,-0.620363636,11.57242105,14.56118182,50811.76,108180.96,-1.31E-06,0.000227751,-5.73E-06,0.0001346,0,-25,-25,42,-4,38,42,-29,13
EPO 57 5(mg/mL) ,7.97,9.43,278,12.3,423.4,2.9,450626,1.183186951,200,40,25,12,13,10,10,0,10,0,5,-0.158777778,-1.032416667,11.62033333,17.08775,24414.68,81783.88,-1.94E-06,0.000475957,-1.26E-05,0.000208938,0,-25,-25,42,-4,38,42,-29,13
EPO 57 2(mg/mL) ,8.06,9.44,285,11.96,385.3,2.6,599734,1.171215881,200,40,25,12,13,10,10,0,10,0,2,-0.158777778,-1.032416667,11.62033333,17.08775,24414.68,81783.88,-1.94E-06,0.000475957,-1.26E-05,0.000208938,0,-25,-25,42,-4,38,42,-29,13
EPO 57 1(mg/mL) ,6.55,10.15,321,11.95,371.8,1.7,1384784,1.549618321,200,40,25,12,13,10,10,0,10,0,1,-0.158777778,-1.032416667,11.62033333,17.08775,24414.68,81783.88,-1.94E-06,0.000475957,-1.26E-05,0.000208938,0,-25,-25,42,-4,38,42,-29,13
EPO 71 1(mg/mL) ,10.39,11.47,373,11.53,344.6,1.7,1518746,1.103946102,300,50,25,12,8,5,5,0,5,0,1,-0.270947368,-0.732181818,11.79873684,14.75663636,37462.62,80489.52,-3.37E-06,0.000314947,-9.10E-06,0.000183336,0,-25,-25,31.5,-3,28.5,31.5,-28,3.5
EPO 20 5(mg/mL) ,12.8,9.36,303,11.43,430.3,3.8,619219,0.73125,300,80,15,0,0,5,5,0,5,0,5,-0.305263158,-0.761818182,11.76315789,14.72590909,33135.3,76162.2,-4.01E-06,0.000355004,-1.00E-05,0.000193349,0,-15,-15,31.5,-3,28.5,31.5,-18,13.5
EPO 20 2(mg/mL) ,11.51,9.14,306,10.44,384,3.9,742268,0.794092094,300,80,15,0,0,5,5,0,5,0,2,-0.305263158,-0.761818182,11.76315789,14.72590909,33135.3,76162.2,-4.01E-06,0.000355004,-1.00E-05,0.000193349,0,-15,-15,31.5,-3,28.5,31.5,-18,13.5
EPO 20 1(mg/mL) ,9.89,9.06,305,10.65,389.3,3.6,893092,0.916076845,300,80,15,0,0,5,5,0,5,0,1,-0.305263158,-0.761818182,11.76315789,14.72590909,33135.3,76162.2,-4.01E-06,0.000355004,-1.00E-05,0.000193349,0,-15,-15,31.5,-3,28.5,31.5,-18,13.5
EPO 14 5(mg/mL) ,12,10.42,340,11.7,399.8,2.4,786634,0.868333333,300,55,25,12,3,5,5,0,5,0,5,-0.400421053,-0.844,12.02505263,14.95209091,36816.42,79843.32,-5.02E-06,0.000326622,-1.06E-05,0.000187268,0,-25,-25,31.5,-3,28.5,31.5,-28,3.5
EPO 14 2(mg/mL) ,11.23,10.62,340,11.86,384.5,1.8,2127229,0.945681211,300,55,25,12,3,5,5,0,5,0,2,-0.400421053,-0.844,12.02505263,14.95209091,36816.42,79843.32,-5.02E-06,0.000326622,-1.06E-05,0.000187268,0,-25,-25,31.5,-3,28.5,31.5,-28,3.5
EPO 14 1(mg/mL) ,10.6,10.8,343,10.53,289.1,1.6,1085753,1.018867925,300,55,25,12,3,5,5,0,5,0,1,-0.400421053,-0.844,12.02505263,14.95209091,36816.42,79843.32,-5.02E-06,0.000326622,-1.06E-05,0.000187268,0,-25,-25,31.5,-3,28.5,31.5,-28,3.5
EPO 17 5(mg/mL) ,13.12,10.23,329,11.92,411.8,3.1,464292,0.77972561,300,50,25,17,3,5,5,0,5,0,5,-0.340421053,-0.792181818,11.89821053,14.84254545,36831.42,79858.32,-4.26E-06,0.000323045,-9.92E-06,0.000185861,0,-25,-25,31.5,-3,28.5,31.5,-28,3.5
EPO 17 2(mg/mL) ,11.87,10.56,337,10.39,310.3,2.4,1902017,0.889637742,300,50,25,17,3,5,5,0,5,0,2,-0.340421053,-0.792181818,11.89821053,14.84254545,36831.42,79858.32,-4.26E-06,0.000323045,-9.92E-06,0.000185861,0,-25,-25,31.5,-3,28.5,31.5,-28,3.5
EPO 16 2(mg/mL) ,14.52,11.19,373,14.01,462.1,2,1552621,0.770661157,300,53,25,17,3,2,2,0,2,0,2,-0.324795918,-0.516826923,11.86183673,13.10961538,37723.5,54934.26,-5.91E-06,0.000314442,-9.41E-06,0.000238642,0,-25,-25,12.6,-1.2,11.4,12.6,-26.2,-13.6
EPO 17 1(mg/mL) ,15.25,10.72,371,9.94,317.1,2.4,880569,0.70295082,300,50,25,17,3,5,5,0,5,0,1,-0.340421053,-0.792181818,11.89821053,14.84254545,36831.42,79858.32,-4.26E-06,0.000323045,-9.92E-06,0.000185861,0,-25,-25,31.5,-3,28.5,31.5,-28,3.5
EPO 29 5(mg/mL) ,13.67,8.77,309,9.63,373.7,2.8,343880,0.641550841,400,65,15,12,3,5,5,0,5,0,5,-0.083578947,-0.570363636,11.32294737,14.34572727,44745.36,102114.56,-8.18E-07,0.000253053,-5.59E-06,0.000140487,0,-15,-15,42,-4,38,42,-19,23
EPO 22 5(mg/mL) ,13.64,10.49,358,13.65,506.5,2.7,564620,0.769061584,300,68,15,12,3,2,2,0,2,0,5,-0.075816327,-0.282211538,11.30418367,12.58413462,34451.1,51661.86,-1.47E-06,0.000328123,-5.46E-06,0.000243587,0,-15,-15,12.6,-1.2,11.4,12.6,-16.2,-3.6
EPO 29 2(mg/mL) ,13.74,9.79,357,9.69,350.3,2.8,429813,0.712518195,400,65,15,12,3,5,5,0,5,0,2,-0.083578947,-0.570363636,11.32294737,14.34572727,44745.36,102114.56,-8.18E-07,0.000253053,-5.59E-06,0.000140487,0,-15,-15,42,-4,38,42,-19,23
EPO 29 1(mg/mL) ,10.8,9.77,340,12.44,436.8,2.7,587888,0.90462963,400,65,15,12,3,5,5,0,5,0,1,-0.083578947,-0.570363636,11.32294737,14.34572727,44745.36,102114.56,-8.18E-07,0.000253053,-5.59E-06,0.000140487,0,-15,-15,42,-4,38,42,-19,23
EPO 22 1(mg/mL) ,16.88,11.04,361,11.45,342.4,2,2126573,0.654028436,300,68,15,12,3,2,2,0,2,0,1,-0.075816327,-0.282211538,11.30418367,12.58413462,34451.1,51661.86,-1.47E-06,0.000328123,-5.46E-06,0.000243587,0,-15,-15,12.6,-1.2,11.4,12.6,-16.2,-3.6
EPO 39 5(mg/mL) ,11.8,9.19,378,8.92,357.6,2.7,299083,0.778813559,200,45,25,17,3,10,10,0,10,0,5,-0.368777778,-1.189916667,11.96422222,17.34566667,23563.08,80932.28,-4.56E-06,0.000507753,-1.47E-05,0.000214323,0,-25,-25,42,-4,38,42,-29,13
EPO 40 2(mg/mL) ,9.65,8.28,310,7.96,292,2,387369,0.858031088,400,53,25,17,3,2,2,0,2,0,2,-0.324795918,-0.516826923,11.86183673,13.10961538,50298,73245.68,-4.43E-06,0.000235831,-7.06E-06,0.000178981,0,-25,-25,16.8,-1.6,15.2,16.8,-26.6,-9.8
EPO 39 2(mg/mL) ,8.43,9.59,337,9.48,327.7,2.4,342159,1.137603796,200,45,25,17,3,10,10,0,10,0,2,-0.368777778,-1.189916667,11.96422222,17.34566667,23563.08,80932.28,-4.56E-06,0.000507753,-1.47E-05,0.000214323,0,-25,-25,42,-4,38,42,-29,13
EPO 40 1(mg/mL) ,5.64,6.69,221,6.62,213.6,1.8,435761,1.186170213,400,53,25,17,3,2,2,0,2,0,1,-0.324795918,-0.516826923,11.86183673,13.10961538,50298,73245.68,-4.43E-06,0.000235831,-7.06E-06,0.000178981,0,-25,-25,16.8,-1.6,15.2,16.8,-26.6,-9.8
EPO 39 1(mg/mL) ,7.7,7.92,299,7.96,288.7,1.8,320405,1.028571429,200,45,25,17,3,10,10,0,10,0,1,-0.368777778,-1.189916667,11.96422222,17.34566667,23563.08,80932.28,-4.56E-06,0.000507753,-1.47E-05,0.000214323,0,-25,-25,42,-4,38,42,-29,13
EPO 33 5(mg/mL) ,16.3,10.56,373,9.94,351.7,3.7,367302,0.647852761,200,50,25,12,3,10,10,0,10,0,5,-0.432111111,-1.237416667,12.09811111,17.44608333,23553.08,80922.28,-5.34E-06,0.000513653,-1.53E-05,0.000215591,0,-25,-25,42,-4,38,42,-29,13
EPO 37 5(mg/mL) ,11.54,9.75,346,11.41,442.8,2.7,483699,0.844887348,200,53,25,17,3,2,2,0,2,0,5,-0.324795918,-0.516826923,11.86183673,13.10961538,25149,36622.84,-8.87E-06,0.000471662,-1.41E-05,0.000357963,0,-25,-25,8.4,-0.8,7.6,8.4,-25.8,-17.4
EPO 33 2(mg/mL) ,11.65,11.34,411,10.76,376.8,2,553064,0.973390558,200,50,25,12,3,10,10,0,10,0,2,-0.432111111,-1.237416667,12.09811111,17.44608333,23553.08,80922.28,-5.34E-06,0.000513653,-1.53E-05,0.000215591,0,-25,-25,42,-4,38,42,-29,13
EPO 37 2(mg/mL) ,12.3,10.4,370,11.26,410.1,1.9,1451952,0.845528455,200,53,25,17,3,2,2,0,2,0,2,-0.324795918,-0.516826923,11.86183673,13.10961538,25149,36622.84,-8.87E-06,0.000471662,-1.41E-05,0.000357963,0,-25,-25,8.4,-0.8,7.6,8.4,-25.8,-17.4
EPO 33 1(mg/mL) ,9.39,9.14,329,8.9,312.7,2,305095,0.973375932,200,50,25,12,3,10,10,0,10,0,1,-0.432111111,-1.237416667,12.09811111,17.44608333,23553.08,80922.28,-5.34E-06,0.000513653,-1.53E-05,0.000215591,0,-25,-25,42,-4,38,42,-29,13
EPO 37 1(mg/mL) ,11.37,10.15,374,9.43,335.4,2.1,894351,0.892700088,200,53,25,17,3,2,2,0,2,0,1,-0.324795918,-0.516826923,11.86183673,13.10961538,25149,36622.84,-8.87E-06,0.000471662,-1.41E-05,0.000357963,0,-25,-25,8.4,-0.8,7.6,8.4,-25.8,-17.4
EPO 167 5(mg/mL) ,15.14,10.1,318,10.99,390,3.8,4053034,0.667107001,200,90,0,0,5,5,5,0,5,0,5,0.299473684,-0.239545455,10.48368421,13.62090909,19263.6,47948.2,6.25E-06,0.000544222,-5.00E-06,0.000284076,0,0,0,21,-2,19,21,-2,19
EPO 167 2(mg/mL)  (Incomplete),13.49,10.24,347,10.63,380,3.9,3515528,0.759080801,200,90,0,0,5,5,5,0,5,0,2,0.299473684,-0.239545455,10.48368421,13.62090909,19263.6,47948.2,6.25E-06,0.000544222,-5.00E-06,0.000284076,0,0,0,21,-2,19,21,-2,19
EPO 191 5(mg/mL) ,10.5,7.59,221,16.79,457.9,3.1,1664617,0.722857143,400,90,0,0,5,5,5,0,5,0,5,0.299473684,-0.239545455,10.48368421,13.62090909,38527.2,95896.4,3.12E-06,0.000272111,-2.50E-06,0.000142038,0,0,0,42,-4,38,42,-4,38
EPO 167 1(mg/mL)  (Incomplete),15.91,9.78,337,10.25,365.9,3.9,2618938,0.614707731,200,90,0,0,5,5,5,0,5,0,1,0.299473684,-0.239545455,10.48368421,13.62090909,19263.6,47948.2,6.25E-06,0.000544222,-5.00E-06,0.000284076,0,0,0,21,-2,19,21,-2,19
EPO 171 5(mg/mL) ,15.4,12.04,415,12.06,399.2,2.9,1145757,0.781818182,200,80,0,0,10,10,10,0,10,0,5,0.443333333,-0.580833333,10.23222222,16.04666667,18703.2,76072.4,5.83E-06,0.000547084,-7.64E-06,0.000210939,0,0,0,42,-4,38,42,-4,38
EPO 178 2(mg/mL) ,6.96,6.52,226,6.42,196.6,3.3,933648,0.936781609,300,93,0,0,5,2,2,0,2,0,2,0.295510204,0.067692308,10.49061224,11.8175,29787.48,46998.24,6.29E-06,0.000352182,1.44E-06,0.000251446,0,0,0,12.6,-1.2,11.4,12.6,-1.2,11.4
EPO 178 1(mg/mL) ,5.99,6.93,228,5.61,150.6,1.9,1894362,1.156928214,300,93,0,0,5,2,2,0,2,0,1,0.295510204,0.067692308,10.49061224,11.8175,29787.48,46998.24,6.29E-06,0.000352182,1.44E-06,0.000251446,0,0,0,12.6,-1.2,11.4,12.6,-1.2,11.4
EPO 112 2(mg/mL) ,5.56,8.09,262,10.26,338.3,2.5,749365,1.455035971,200,83,15,0,0,2,2,0,2,0,2,-0.290714286,-0.484711538,11.73091837,12.98625,22684.92,34158.76,-8.51E-06,0.000517124,-1.42E-05,0.000380173,0,-15,-15,8.4,-0.8,7.6,8.4,-15.8,-7.4
Meas 207 (EPO 112 1(mg/mL)),4.33,6.6,211,6.42,191.3,2,1317438,1.524249423,200,45,25,0,20,10,10,0,10,0,1,-0.119444444,-1.002916667,11.60722222,17.07791667,24993.8,82363,-1.45E-06,0.000464404,-1.22E-05,0.000207349,0,-25,-25,42,-4,38,42,-29,13
WDCL 321 2(mg/mL) ,9.3,9.82,296,12.18,390.2,2.6,1938939,1.055913978,400,65,15,10,0,10,10,0,0,10,2,-0.205,-0.679583333,11.55388889,16.59458333,42238,146616.4,-1.40E-06,0.000273543,-4.64E-06,0.000113184,0,-15,-15,200,-88,112,200,-103,97
WDCL 321 1(mg/mL) ,14.27,10.69,351,10.8,341.5,2.7,937916,0.749124036,400,65,15,10,0,10,10,0,0,10,1,-0.205,-0.679583333,11.55388889,16.59458333,42238,146616.4,-1.40E-06,0.000273543,-4.64E-06,0.000113184,0,-15,-15,200,-88,112,200,-103,97
WDCL 327 5(mg/mL) ,13.5,10.75,383,10.52,346.4,1.9,3127903,0.796296296,400,70,15,0,5,10,10,0,0,10,5,-0.195,-0.672083333,11.58277778,16.61625,43059.6,147438,-1.32E-06,0.000268994,-4.56E-06,0.0001127,0,-15,-15,200,-88,112,200,-103,97
WDCL 303 5(mg/mL) ,12.45,10.31,346,11.07,378.5,2,1027890,0.82811245,300,70,20,0,0,10,10,0,0,10,5,-0.498888889,-0.9,12.19222222,17.07333333,33277.2,111561,-4.47E-06,0.000366384,-8.07E-06,0.00015304,0,-20,-20,150,-66,84,150,-86,64
WDCL 303 2(mg/mL) ,13.36,11.55,416,10.13,331,2,937247,0.864520958,300,70,20,0,0,10,10,0,0,10,2,-0.498888889,-0.9,12.19222222,17.07333333,33277.2,111561,-4.47E-06,0.000366384,-8.07E-06,0.00015304,0,-20,-20,150,-66,84,150,-86,64
WDCL 306 5(mg/mL) ,12.76,10.58,362,11.62,406.5,1.9,1858864,0.829153605,300,80,10,0,0,10,10,0,0,10,5,-0.164444444,-0.649166667,11.45111111,16.5175,30019.8,108303.6,-1.52E-06,0.000381452,-5.99E-06,0.000152511,0,-10,-10,150,-66,84,150,-76,74
WDCL 309 5(mg/mL) ,11.36,10.66,370,10.71,368.9,2.8,1001909,0.938380282,400,45,25,0,20,10,10,0,0,10,5,-0.119444444,-0.615416667,11.60722222,16.63458333,49987.6,154366,-7.74E-07,0.000232202,-3.99E-06,0.000107761,0,-25,-25,200,-88,112,200,-113,87
WDCL 306 1(mg/mL) ,10.91,9.7,347,8.89,299.3,2,1616049,0.889092576,300,80,10,0,0,10,10,0,0,10,1,-0.164444444,-0.649166667,11.45111111,16.5175,30019.8,108303.6,-1.52E-06,0.000381452,-5.99E-06,0.000152511,0,-10,-10,150,-66,84,150,-76,74
WDCL 300 5(mg/mL) ,5.12,9.41,292,12.74,432.5,2.4,874895,1.837890625,300,70,15,5,0,10,10,0,0,10,5,-0.268333333,-0.727083333,11.68777778,16.695,31663.5,109947.3,-2.44E-06,0.000369125,-6.61E-06,0.000151845,0,-15,-15,150,-66,84,150,-81,69
WDCL 300 2(mg/mL) ,7.77,11.22,369,11.73,372.6,2.3,1070607,1.444015444,300,70,15,5,0,10,10,0,0,10,2,-0.268333333,-0.727083333,11.68777778,16.695,31663.5,109947.3,-2.44E-06,0.000369125,-6.61E-06,0.000151845,0,-15,-15,150,-66,84,150,-81,69
WDCL 297 1(mg/mL) ,14.76,8.91,326,6.92,215.6,1.9,724134,0.603658537,300,70,15,0,5,10,10,0,0,10,1,-0.195,-0.672083333,11.58277778,16.61625,32294.7,110578.5,-1.76E-06,0.000358659,-6.08E-06,0.000150267,0,-15,-15,150,-66,84,150,-81,69
WDCL 300 1(mg/mL) ,13.54,12.31,414,12,365.6,2.1,1473416,0.90915805,300,70,15,5,0,10,10,0,0,10,1,-0.268333333,-0.727083333,11.68777778,16.695,31663.5,109947.3,-2.44E-06,0.000369125,-6.61E-06,0.000151845,0,-15,-15,150,-66,84,150,-81,69
WDCL 318 5(mg/mL) ,14.75,10.68,349,12.85,430.6,2.2,2708033,0.724067797,400,55,15,20,0,10,10,0,0,10,5,-0.078333333,-0.584583333,11.28611111,16.39375,42278,146656.4,-5.34E-07,0.00026695,-3.99E-06,0.000111783,0,-15,-15,200,-88,112,200,-103,97
WDCL 276 5(mg/mL) ,13.85,10.9,372,12.24,437.8,2.5,2088498,0.78700361,300,55,15,0,20,10,10,0,0,10,5,0.215,-0.364583333,10.86611111,16.07875,34233.3,112517.1,1.91E-06,0.000317413,-3.24E-06,0.000142901,0,-15,-15,150,-66,84,150,-81,69
WDCL 276 2(mg/mL) ,17.83,10.95,379,10.96,360.2,2.3,2099389,0.614133483,300,55,15,0,20,10,10,0,0,10,2,0.215,-0.364583333,10.86611111,16.07875,34233.3,112517.1,1.91E-06,0.000317413,-3.24E-06,0.000142901,0,-15,-15,150,-66,84,150,-81,69
WDCL 276 1(mg/mL) ,18.48,13.19,468,11.51,371.9,2,3472684,0.713744589,300,55,15,0,20,10,10,0,0,10,1,0.215,-0.364583333,10.86611111,16.07875,34233.3,112517.1,1.91E-06,0.000317413,-3.24E-06,0.000142901,0,-15,-15,150,-66,84,150,-81,69
WDCL 264 5(mg/mL) ,10.51,8.84,292,10.25,396.7,2.6,825636,0.841103711,200,65,5,20,0,10,10,0,0,10,5,0.256111111,-0.33375,10.545,15.83791667,18967.4,71156.6,3.60E-06,0.000555954,-4.69E-06,0.000222578,0,-5,-5,100,-44,56,100,-49,51
WDCL 264 2(mg/mL) ,9.5,7.93,268,9.19,346.6,2.4,673093,0.834736842,200,65,5,20,0,10,10,0,0,10,2,0.256111111,-0.33375,10.545,15.83791667,18967.4,71156.6,3.60E-06,0.000555954,-4.69E-06,0.000222578,0,-5,-5,100,-44,56,100,-49,51
WDCL 264 1(mg/mL) ,9.2,7.68,262,8.58,313.6,2.3,635220,0.834782609,200,65,5,20,0,10,10,0,0,10,1,0.256111111,-0.33375,10.545,15.83791667,18967.4,71156.6,3.60E-06,0.000555954,-4.69E-06,0.000222578,0,-5,-5,100,-44,56,100,-49,51
WDCL 312 5(mg/mL) ,11.05,9.67,315,10.64,368.5,2.2,1090259,0.875113122,400,45,25,20,0,10,10,0,0,10,5,-0.412777778,-0.835416667,12.02722222,16.94958333,46621.2,150999.6,-2.73E-06,0.000257978,-5.53E-06,0.000112249,0,-25,-25,200,-88,112,200,-113,87
WDCL 270 5(mg/mL) ,10.7,9.01,296,10.18,362.5,2.4,517032,0.842056075,200,80,10,0,0,10,10,0,0,10,5,-0.164444444,-0.649166667,11.45111111,16.5175,20013.2,72202.4,-2.28E-06,0.000572178,-8.99E-06,0.000228767,0,-10,-10,100,-44,56,100,-54,46
WDCL 312 2(mg/mL) ,11.98,9.98,324,11,366.3,2.1,1275844,0.833055092,400,45,25,20,0,10,10,0,0,10,2,-0.412777778,-0.835416667,12.02722222,16.94958333,46621.2,150999.6,-2.73E-06,0.000257978,-5.53E-06,0.000112249,0,-25,-25,200,-88,112,200,-113,87
WDCL 270 2(mg/mL) ,9.9,8.58,289,9.4,328.8,2.3,577272,0.866666667,200,80,10,0,0,10,10,0,0,10,2,-0.164444444,-0.649166667,11.45111111,16.5175,20013.2,72202.4,-2.28E-06,0.000572178,-8.99E-06,0.000228767,0,-10,-10,100,-44,56,100,-54,46
WDCL 312 1(mg/mL) ,13.13,11.11,392,9.45,288,1.9,1405658,0.846153846,400,45,25,20,0,10,10,0,0,10,1,-0.412777778,-0.835416667,12.02722222,16.94958333,46621.2,150999.6,-2.73E-06,0.000257978,-5.53E-06,0.000112249,0,-25,-25,200,-88,112,200,-113,87
WDCL 270 1(mg/mL) ,10,8.51,287,9.19,312.5,2,482811,0.851,200,80,10,0,0,10,10,0,0,10,1,-0.164444444,-0.649166667,11.45111111,16.5175,20013.2,72202.4,-2.28E-06,0.000572178,-8.99E-06,0.000228767,0,-10,-10,100,-44,56,100,-54,46
WDCL 294 5(mg/mL) ,15.3,10.49,348,12.5,456.3,2.5,1283709,0.685620915,300,65,5,20,0,10,10,0,0,10,5,0.256111111,-0.33375,10.545,15.83791667,28451.1,106734.9,2.40E-06,0.000370636,-3.13E-06,0.000148386,0,-5,-5,150,-66,84,150,-71,79
WDCL 288 5(mg/mL) ,13.55,10.01,327,11.92,410.5,2.7,678761,0.738745387,300,65,15,10,0,10,10,0,0,10,5,-0.205,-0.679583333,11.55388889,16.59458333,31678.5,109962.3,-1.86E-06,0.000364723,-6.18E-06,0.000150912,0,-15,-15,150,-66,84,150,-81,69
WDCL 294 2(mg/mL) ,14.2,9.55,307,11.1,378.7,2.4,1137648,0.672535211,300,65,5,20,0,10,10,0,0,10,2,0.256111111,-0.33375,10.545,15.83791667,28451.1,106734.9,2.40E-06,0.000370636,-3.13E-06,0.000148386,0,-5,-5,150,-66,84,150,-71,79
WDCL 288 2(mg/mL) ,12.32,9.98,329,11.54,381.4,2.7,843018,0.810064935,300,65,15,10,0,10,10,0,0,10,2,-0.205,-0.679583333,11.55388889,16.59458333,31678.5,109962.3,-1.86E-06,0.000364723,-6.18E-06,0.000150912,0,-15,-15,150,-66,84,150,-81,69
WDCL 294 1(mg/mL) ,13.5,9.46,310,11.03,361.6,2.1,1910488,0.700740741,300,65,5,20,0,10,10,0,0,10,1,0.256111111,-0.33375,10.545,15.83791667,28451.1,106734.9,2.40E-06,0.000370636,-3.13E-06,0.000148386,0,-5,-5,150,-66,84,150,-71,79
WDCL 288 1(mg/mL) ,10.5,10.3,344,12.72,412.8,2.4,979352,0.980952381,300,65,15,10,0,10,10,0,0,10,1,-0.205,-0.679583333,11.55388889,16.59458333,31678.5,109962.3,-1.86E-06,0.000364723,-6.18E-06,0.000150912,0,-15,-15,150,-66,84,150,-81,69
WDCL 290 5(mg/mL) ,11.33,9.14,320,9.65,353.4,2.8,1059788,0.806707855,300,70,5,0,20,5,5,0,0,5,5,0.529473684,0.170454545,10.15578947,13.09590909,32462.7,71604.6,7.39E-06,0.000312845,2.38E-06,0.000182892,0,-5,-5,75,-33,42,75,-38,37
WDCL 290 2(mg/mL) ,12.1,9.45,356,8.31,269.3,2.6,843090,0.780991736,300,70,5,0,20,5,5,0,0,5,2,0.529473684,0.170454545,10.15578947,13.09590909,32462.7,71604.6,7.39E-06,0.000312845,2.38E-06,0.000182892,0,-5,-5,75,-33,42,75,-38,37
WDCL 290 1(mg/mL) ,12.1,9.9,345,8.17,251.2,1.9,1125558,0.818181818,300,70,5,0,20,5,5,0,0,5,1,0.529473684,0.170454545,10.15578947,13.09590909,32462.7,71604.6,7.39E-06,0.000312845,2.38E-06,0.000182892,0,-5,-5,75,-33,42,75,-38,37
WDCL 323 5(mg/mL) ,18.3,12.09,421,11.75,387.9,2.7,2039582,0.660655738,400,70,5,0,20,5,5,0,0,5,5,0.529473684,0.170454545,10.15578947,13.09590909,43283.6,95472.8,5.55E-06,0.000234634,1.79E-06,0.000137169,0,-5,-5,100,-44,56,100,-49,51
WDCL 317 5(mg/mL) ,6.19,10.69,359,10.63,325.3,2,766395,1.726978998,400,60,15,20,0,5,5,0,0,5,5,-0.065263158,-0.343181818,11.25578947,14.04590909,44260.4,96449.6,-6.77E-07,0.000254308,-3.56E-06,0.00014563,0,-15,-15,100,-44,56,100,-59,41
WDCL 317 2(mg/mL) ,9.08,11.76,367,12.26,346.1,2,2113088,1.295154185,400,60,15,20,0,5,5,0,0,5,2,-0.065263158,-0.343181818,11.25578947,14.04590909,44260.4,96449.6,-6.77E-07,0.000254308,-3.56E-06,0.00014563,0,-15,-15,100,-44,56,100,-59,41
WDCL 328 5(mg/mL) ,10.84,11.84,406,11.4,335.5,1.8,3494454,1.092250923,400,78,15,5,0,2,2,0,0,2,5,-0.23255102,-0.340480769,11.60795918,12.76807692,45389.84,66265.52,-3.51E-06,0.000255739,-5.14E-06,0.000192681,0,-15,-15,40,-17.6,22.4,40,-32.6,7.4
WDCL 296 5(mg/mL) ,9.73,10.02,331,10.1,321.3,1.7,727609,1.029804728,300,75,15,0,5,5,5,0,0,5,5,-0.175789474,-0.438636364,11.53684211,14.28863636,33781.5,72923.4,-2.41E-06,0.000341514,-6.02E-06,0.00019594,0,-15,-15,75,-33,42,75,-48,27
WDCL 328 2(mg/mL) ,9.13,10.99,341,11.33,322.6,1.9,3046432,1.203723987,400,78,15,5,0,2,2,0,0,2,2,-0.23255102,-0.340480769,11.60795918,12.76807692,45389.84,66265.52,-3.51E-06,0.000255739,-5.14E-06,0.000192681,0,-15,-15,40,-17.6,22.4,40,-32.6,7.4
WDCL 296 2(mg/mL) ,9.77,11.35,390,10.39,319.2,1.6,1202627,1.16171955,300,75,15,0,5,5,5,0,0,5,2,-0.175789474,-0.438636364,11.53684211,14.28863636,33781.5,72923.4,-2.41E-06,0.000341514,-6.02E-06,0.00019594,0,-15,-15,75,-33,42,75,-48,27
WDCL 305 5(mg/mL) ,9.97,9.78,309,12.98,420.6,1.7,596169,0.980942828,300,85,10,0,0,5,5,0,0,5,5,-0.146842105,-0.413636364,11.41210526,14.18090909,31506.6,70648.5,-2.08E-06,0.000362213,-5.85E-06,0.000200725,0,-10,-10,75,-33,42,75,-43,32
WDCL 263 5(mg/mL) ,8.9,8.59,299,8.9,315.8,2,609878,0.965168539,200,70,5,20,0,5,5,0,0,5,5,0.251578947,-0.069545455,10.55368421,13.43954545,19958.6,46053.2,5.46E-06,0.000528779,-1.51E-06,0.000291827,0,-5,-5,50,-22,28,50,-27,23
WDCL 263 2(mg/mL) ,10.5,10.32,359,9.63,311,1.8,1034412,0.982857143,200,70,5,20,0,5,5,0,0,5,2,0.251578947,-0.069545455,10.55368421,13.43954545,19958.6,46053.2,5.46E-06,0.000528779,-1.51E-06,0.000291827,0,-5,-5,50,-22,28,50,-27,23
WDCL 273 5(mg/mL) ,13.2,10.93,391,10.77,372.9,2.5,736452,0.828030303,300,45,25,20,0,10,10,0,0,10,5,-0.412777778,-0.835416667,12.02722222,16.94958333,34965.9,113249.7,-3.64E-06,0.00034397,-7.38E-06,0.000149666,0,-25,-25,150,-66,84,150,-91,59
WDCL 273 2(mg/mL) ,16.23,11.25,377,11.17,358.1,2,2886230,0.693160813,300,45,25,20,0,10,10,0,0,10,2,-0.412777778,-0.835416667,12.02722222,16.94958333,34965.9,113249.7,-3.64E-06,0.00034397,-7.38E-06,0.000149666,0,-25,-25,150,-66,84,150,-91,59
WDCL 273 1(mg/mL) ,7.55,10.67,312,15.26,461.5,2,2187981,1.413245033,300,45,25,20,0,10,10,0,0,10,1,-0.412777778,-0.835416667,12.02722222,16.94958333,34965.9,113249.7,-3.64E-06,0.00034397,-7.38E-06,0.000149666,0,-25,-25,150,-66,84,150,-91,59
WDCL 293 5(mg/mL) ,10.31,10.1,353,10.08,338.6,2.1,751978,0.979631426,300,70,5,20,0,5,5,0,0,5,5,0.251578947,-0.069545455,10.55368421,13.43954545,29937.9,69079.8,3.64E-06,0.000352519,-1.01E-06,0.000194551,0,-5,-5,75,-33,42,75,-38,37
WDCL 293 2(mg/mL) ,14.13,10.03,325,12.43,408.5,2,790948,0.709837226,300,70,5,20,0,5,5,0,0,5,2,0.251578947,-0.069545455,10.55368421,13.43954545,29937.9,69079.8,3.64E-06,0.000352519,-1.01E-06,0.000194551,0,-5,-5,75,-33,42,75,-38,37
WDCL 293 1(mg/mL) ,5.33,9.42,275,9.71,265.3,2.2,2044318,1.767354597,300,70,5,20,0,5,5,0,0,5,1,0.251578947,-0.069545455,10.55368421,13.43954545,29937.9,69079.8,3.64E-06,0.000352519,-1.01E-06,0.000194551,0,-5,-5,75,-33,42,75,-38,37
WDCL 281 5(mg/mL) ,12.91,11.77,401,11.46,355.4,1.9,859097,0.911696359,300,65,30,0,0,5,5,0,0,5,5,-0.780526316,-0.960909091,12.81631579,15.39363636,38021.4,77163.3,-1.01E-05,0.000337082,-1.25E-05,0.000199494,0,-30,-30,75,-33,42,75,-63,12
WDCL 281 2(mg/mL) ,14.9,10.93,370,10.67,322,1.7,917992,0.733557047,300,65,30,0,0,5,5,0,0,5,2,-0.780526316,-0.960909091,12.81631579,15.39363636,38021.4,77163.3,-1.01E-05,0.000337082,-1.25E-05,0.000199494,0,-30,-30,75,-33,42,75,-63,12
WDCL 281 1(mg/mL) ,10.11,12.48,380,12.86,359.8,1.7,2856838,1.234421365,300,65,30,0,0,5,5,0,0,5,1,-0.780526316,-0.960909091,12.81631579,15.39363636,38021.4,77163.3,-1.01E-05,0.000337082,-1.25E-05,0.000199494,0,-30,-30,75,-33,42,75,-63,12
WDCL 298 5(mg/mL) ,9.39,10.91,354,10.59,307.6,1.8,3696648,1.161874334,300,78,15,5,0,2,2,0,0,2,5,-0.23255102,-0.340480769,11.60795918,12.76807692,34042.38,49699.14,-4.68E-06,0.000340986,-6.85E-06,0.000256907,0,-15,-15,30,-13.2,16.8,30,-28.2,1.8
WDCL 298 2(mg/mL) ,10.4,10.54,337,10.65,307.3,1.6,2925401,1.013461538,300,78,15,5,0,2,2,0,0,2,2,-0.23255102,-0.340480769,11.60795918,12.76807692,34042.38,49699.14,-4.68E-06,0.000340986,-6.85E-06,0.000256907,0,-15,-15,30,-13.2,16.8,30,-28.2,1.8
WDCL 292 5(mg/mL) ,10.5,11.85,394,11.19,332.4,1.5,2569307,1.128571429,300,73,5,20,0,2,2,0,0,2,5,0.249081633,0.113365385,10.55846939,11.77913462,30829.98,46486.74,5.36E-06,0.000342474,2.44E-06,0.000253387,0,-5,-5,30,-13.2,16.8,30,-18.2,11.8
WDCL 292 2(mg/mL) ,9,11.05,358,10.82,313.1,1.4,2639958,1.227777778,300,73,5,20,0,2,2,0,0,2,2,0.249081633,0.113365385,10.55846939,11.77913462,30829.98,46486.74,5.36E-06,0.000342474,2.44E-06,0.000253387,0,-5,-5,30,-13.2,16.8,30,-18.2,11.8
WDCL 244 5(mg/mL) ,10.5,10.37,339,10.38,318.1,1.6,3878571,0.987619048,400,68,30,0,0,2,2,0,0,2,5,-0.751428571,-0.829423077,12.75183673,13.84596154,51884.64,72760.32,-1.03E-05,0.000245773,-1.14E-05,0.000190296,0,-30,-30,40,-17.6,22.4,40,-47.6,-7.6
WDCL 322 5(mg/mL) ,13.61,11.71,385,11.79,365.2,2.1,4147384,0.860396767,400,73,5,0,20,2,2,0,0,2,5,0.518469388,0.367211538,10.1727551,11.41567308,44473.04,65348.72,7.93E-06,0.00022874,5.62E-06,0.000174689,0,-5,-5,40,-17.6,22.4,40,-22.6,17.4
WDCL 262 5(mg/mL) ,12.3,10.05,392,9.57,297.8,1.6,3017639,0.817073171,200,73,5,20,0,2,2,0,0,2,5,0.249081633,0.113365385,10.55846939,11.77913462,20553.32,30991.16,8.04E-06,0.000513711,3.66E-06,0.00038008,0,-5,-5,20,-8.8,11.2,20,-13.8,6.2
WDCL 301 5(mg/mL) ,11.27,10.71,345,10.68,323.1,1.5,2756814,0.950310559,300,78,20,0,0,2,2,0,0,2,5,-0.444285714,-0.54,12.07122449,13.20461538,35656.08,51312.84,-8.66E-06,0.000338546,-1.05E-05,0.000257336,0,-20,-20,30,-13.2,16.8,30,-33.2,-3.2
WDCL 256 5(mg/mL) ,8.93,12.63,424,12.86,399.9,1.6,5328513,1.414333707,400,88,10,0,0,2,2,0,0,2,5,-0.137142857,-0.250576923,11.39061224,12.56326923,43198.24,64073.92,-2.14E-06,0.000263682,-3.91E-06,0.000196075,0,-10,-10,40,-17.6,22.4,40,-27.6,12.4
WDCL 308 5(mg/mL) ,14.67,10.81,363,11.77,396.7,2.4,812028,0.736877982,400,50,25,0,20,5,5,0,0,5,5,-0.104210526,-0.376818182,11.56,14.30863636,51970,104159.2,-1.00E-06,0.000222436,-3.62E-06,0.000137373,0,-25,-25,100,-44,56,100,-69,31
WDCL 286 5(mg/mL) ,12.35,11.96,412,11.76,360.9,1.6,1945594,0.968421053,300,73,15,10,0,2,2,0,0,2,5,-0.174387755,-0.285673077,11.485,12.65221154,34057.38,49714.14,-3.51E-06,0.000337225,-5.75E-06,0.000254499,0,-15,-15,30,-13.2,16.8,30,-28.2,1.8
WDCL 295 5(mg/mL) ,10.85,11.13,353,11.06,325.1,1.5,3866482,1.025806452,300,78,15,0,5,2,2,0,0,2,5,-0.165204082,-0.277019231,11.51153061,12.67721154,34673.58,50330.34,-3.28E-06,0.000331997,-5.50E-06,0.00025188,0,-15,-15,30,-13.2,16.8,30,-28.2,1.8
WDCL 242 5(mg/mL) ,12.9,10.24,396,9.51,327.3,2.3,344258,0.79379845,200,75,15,5,0,5,5,0,0,5,5,-0.245263158,-0.498636364,11.63631579,14.37454545,22100.2,48194.8,-5.09E-06,0.000526525,-1.03E-05,0.000298259,0,-15,-15,50,-22,28,50,-37,13
WDCL 320 5(mg/mL) ,9.86,10.06,332,10.02,311.6,1.6,764743,1.020283976,400,70,15,10,0,5,5,0,0,5,5,-0.185263158,-0.446818182,11.50947368,14.265,44220.4,96409.6,-1.92E-06,0.000260275,-4.63E-06,0.000147962,0,-15,-15,100,-44,56,100,-59,41
WDCL 231 5(mg/mL) ,11.4,7.99,270,9.22,334.1,2.6,551187,0.700877193,200,65,15,0,10,10,10,0,0,10,5,-0.058333333,-0.569583333,11.34388889,16.43708333,21960.6,74149.8,-7.87E-07,0.000516556,-7.68E-06,0.000221674,0,-15,-15,100,-44,56,100,-59,41
WDCL 316 5(mg/mL) ,14.78,12.15,378,12.26,356,1.6,6155589,0.822056834,400,63,15,20,0,2,2,0,0,2,5,-0.058061224,-0.176057692,11.23908163,12.42048077,45449.84,66325.52,-8.75E-07,0.000247285,-2.65E-06,0.000187265,0,-15,-15,40,-17.6,22.4,40,-32.6,7.4
WDCL 250 5(mg/mL) ,10.54,9.24,278,13.58,446,2.5,947333,0.876660342,400,73,5,20,0,2,2,0,0,2,5,0.249081633,0.113365385,10.55846939,11.77913462,41106.64,61982.32,4.02E-06,0.000256856,1.83E-06,0.00019004,0,-5,-5,40,-17.6,22.4,40,-22.6,17.4
WDCL 260 5(mg/mL) ,10.48,10.99,385,10.06,315.5,1.7,633534,1.048664122,200,65,30,0,0,5,5,0,0,5,5,-0.780526316,-0.960909091,12.81631579,15.39363636,25347.6,51442.2,-1.52E-05,0.000505622,-1.87E-05,0.000299241,0,-30,-30,50,-22,28,50,-52,-2
WDCL 254 5(mg/mL) ,10.95,12.71,427,12.59,388.1,1.9,1045200,1.160730594,400,75,20,0,0,5,5,0,0,5,5,-0.463684211,-0.687272727,12.11421053,14.78727273,46352,98541.2,-4.71E-06,0.000261352,-6.97E-06,0.000150062,0,-20,-20,100,-44,56,100,-64,36
WDCL 267 5(mg/mL) ,10.46,9.84,369,9.83,348.3,2.4,600442,0.940726577,200,70,20,0,0,10,10,0,0,10,5,-0.498888889,-0.9,12.19222222,17.07333333,22184.8,74374,-6.71E-06,0.000549575,-1.21E-05,0.000229561,0,-20,-20,100,-44,56,100,-64,36
WDCL 245 5(mg/mL) ,12.34,11.83,363,13.04,420.4,1.9,803750,0.958670989,400,65,30,0,0,5,5,0,0,5,5,-0.780526316,-0.960909091,12.81631579,15.39363636,50695.2,102884.4,-7.59E-06,0.000252811,-9.34E-06,0.000149621,0,-30,-30,100,-44,56,100,-74,26
WDCL 236 5(mg/mL) ,10.3,8.29,309,8.21,299.1,3,533186,0.804854369,200,70,5,0,20,5,5,0,0,5,5,0.529473684,0.170454545,10.15578947,13.09590909,21641.8,47736.4,1.11E-05,0.000469267,3.57E-06,0.000274338,0,-5,-5,50,-22,28,50,-27,23
WDCL 239 5(mg/mL) ,10.03,9.65,333,9.71,333,1.9,811009,0.962113659,200,75,15,0,5,5,5,0,0,5,5,-0.175789474,-0.438636364,11.53684211,14.28863636,22521,48615.6,-3.62E-06,0.00051227,-9.02E-06,0.000293911,0,-15,-15,50,-22,28,50,-37,13
WDCL 337 5(mg/mL) ,15.75,11.01,379,16.35,584.8,2.4,1068585,0.699047619,200,28,50,17,3,2,2,0,0,2,5,-1.092653061,-1.150961538,13.56336735,14.61067308,30578,41015.84,-2.66E-05,0.000443566,-2.81E-05,0.00035622,0,-50,-50,20,-8.8,11.2,20,-58.8,-38.8
WDCL 337 1(mg/mL) ,16.7,13.11,454,12.96,427.5,2.4,989797,0.78502994,200,28,50,17,3,2,2,0,0,2,1,-1.092653061,-1.150961538,13.56336735,14.61067308,30578,41015.84,-2.66E-05,0.000443566,-2.81E-05,0.00035622,0,-50,-50,20,-8.8,11.2,20,-58.8,-38.8
WDCL 334 5(mg/mL) ,7.62,8.07,260,8.83,289,1.8,547314,1.059055118,200,15,40,32,8,5,5,0,0,5,5,-0.506210526,-0.724,12.34452632,14.98618182,28272.48,54367.08,-9.31E-06,0.000436627,-1.33E-05,0.000275648,0,-40,-40,50,-22,28,50,-62,-12
WDCL 334 2(mg/mL) ,9.1,9.45,320,9.44,302.4,2,911844,1.038461538,200,15,40,32,8,5,5,0,0,5,2,-0.506210526,-0.724,12.34452632,14.98618182,28272.48,54367.08,-9.31E-06,0.000436627,-1.33E-05,0.000275648,0,-40,-40,50,-22,28,50,-62,-12
WDCL 335 5(mg/mL) ,5.81,6.78,208,7.39,236.1,1.5,708817,1.166953528,200,18,50,27,3,2,2,0,0,2,5,-0.976326531,-1.041346154,13.31744898,14.37894231,30598,41035.84,-2.38E-05,0.000435239,-2.54E-05,0.0003504,0,-50,-50,20,-8.8,11.2,20,-58.8,-38.8
WDCL 334 1(mg/mL) ,8.4,9.71,304,9.71,294.6,1.6,3238513,1.155952381,200,15,40,32,8,5,5,0,0,5,1,-0.506210526,-0.724,12.34452632,14.98618182,28272.48,54367.08,-9.31E-06,0.000436627,-1.33E-05,0.000275648,0,-40,-40,50,-22,28,50,-62,-12
WDCL 343 5(mg/mL) ,5.37,6.77,241,6.74,227.4,1.6,604961,1.260707635,400,18,50,27,3,2,2,0,0,2,5,-0.976326531,-1.041346154,13.31744898,14.37894231,61196,82071.68,-1.19E-05,0.00021762,-1.27E-05,0.0001752,0,-50,-50,40,-17.6,22.4,40,-67.6,-27.6
WDCL 343 2(mg/mL) ,4.34,6.61,245,6.1,202,1.4,564383,1.523041475,400,18,50,27,3,2,2,0,0,2,2,-0.976326531,-1.041346154,13.31744898,14.37894231,61196,82071.68,-1.19E-05,0.00021762,-1.27E-05,0.0001752,0,-50,-50,40,-17.6,22.4,40,-67.6,-27.6
WDCL 331 5(mg/mL) ,7.5,9.07,318,8.46,277.3,1.7,688616,1.209333333,200,18,40,32,8,2,2,0,0,2,5,-0.485510204,-0.578846154,12.2944898,13.415,28867.2,39305.04,-1.24E-05,0.000425898,-1.47E-05,0.000341305,0,-40,-40,20,-8.8,11.2,20,-48.8,-28.8
WDCL 341 5(mg/mL) ,7.08,9.29,317,8.91,278.3,1.8,639650,1.312146893,400,18,40,32,8,2,2,0,0,2,5,-0.485510204,-0.578846154,12.2944898,13.415,57734.4,78610.08,-6.18E-06,0.000212949,-7.36E-06,0.000170652,0,-40,-40,40,-17.6,22.4,40,-57.6,-17.6
WDCL 341 2(mg/mL) ,5.95,9.63,312,9.26,277.8,1.7,1355764,1.618487395,400,18,40,32,8,2,2,0,0,2,2,-0.485510204,-0.578846154,12.2944898,13.415,57734.4,78610.08,-6.18E-06,0.000212949,-7.36E-06,0.000170652,0,-40,-40,40,-17.6,22.4,40,-57.6,-17.6
WDCL 338 5(mg/mL) ,5.7,7.3,254,7.17,245.6,2.1,431023,1.280701754,200,25,50,17,3,5,5,0,0,5,5,-1.132526316,-1.264909091,13.65347368,16.11663636,29983.28,56077.88,-2.02E-05,0.00045537,-2.26E-05,0.000287397,0,-50,-50,50,-22,28,50,-72,-22
WDCL 338 2(mg/mL) ,5.9,5.98,209,5.11,153.6,1.9,286672,1.013559322,200,25,50,17,3,5,5,0,0,5,2,-1.132526316,-1.264909091,13.65347368,16.11663636,29983.28,56077.88,-2.02E-05,0.00045537,-2.26E-05,0.000287397,0,-50,-50,50,-22,28,50,-72,-22
WDCL 332 5(mg/mL) ,7.22,8.92,295,9.93,344.8,1.7,2208142,1.235457064,200,15,40,32,8,5,5,0,0,5,5,-0.506210526,-0.724,12.34452632,14.98618182,28272.48,54367.08,-9.31E-06,0.000436627,-1.33E-05,0.000275648,0,-40,-40,50,-22,28,50,-62,-12
WDCL 332 2(mg/mL) ,6.1,8.75,298,7.96,237.8,1.5,2410116,1.43442623,200,15,40,32,8,5,5,0,0,5,2,-0.506210526,-0.724,12.34452632,14.98618182,28272.48,54367.08,-9.31E-06,0.000436627,-1.33E-05,0.000275648,0,-40,-40,50,-22,28,50,-62,-12
WDCL 332 1(mg/mL) ,4.72,7.43,232,7.44,221.7,1.3,1347942,1.574152542,200,15,40,32,8,5,5,0,0,5,1,-0.506210526,-0.724,12.34452632,14.98618182,28272.48,54367.08,-9.31E-06,0.000436627,-1.33E-05,0.000275648,0,-40,-40,50,-22,28,50,-62,-12
WDCL 346 5(mg/mL) ,7.6,7.48,291,7.1,267.6,2,309015,0.984210526,400,25,50,17,3,5,5,0,0,5,5,-1.132526316,-1.264909091,13.65347368,16.11663636,59966.56,112155.76,-1.01E-05,0.000227685,-1.13E-05,0.000143699,0,-50,-50,100,-44,56,100,-94,6
WDCL 346 2(mg/mL) ,10.2,9.46,328,9.94,317.2,1.8,542813,0.92745098,400,25,50,17,3,5,5,0,0,5,2,-1.132526316,-1.264909091,13.65347368,16.11663636,59966.56,112155.76,-1.01E-05,0.000227685,-1.13E-05,0.000143699,0,-50,-50,100,-44,56,100,-94,6
WDCL 345 5(mg/mL) ,7.14,11.64,408,11.3,370,1.5,1025952,1.630252101,400,28,50,17,3,2,2,0,0,2,5,-1.092653061,-1.150961538,13.56336735,14.61067308,61156,82031.68,-1.33E-05,0.000221783,-1.40E-05,0.00017811,0,-50,-50,40,-17.6,22.4,40,-67.6,-27.6
WDCL 345 2(mg/mL) ,9.4,9.78,339,9.1,285.1,1.5,3176027,1.040425532,400,28,50,17,3,2,2,0,0,2,2,-1.092653061,-1.150961538,13.56336735,14.61067308,61156,82031.68,-1.33E-05,0.000221783,-1.40E-05,0.00017811,0,-50,-50,40,-17.6,22.4,40,-67.6,-27.6
WDCL 344 5(mg/mL) ,6.06,7.34,241,8.85,328.3,1.9,546510,1.211221122,400,15,50,27,3,5,5,0,0,5,5,-1.012526316,-1.161272727,13.39978947,15.89754545,60006.56,112195.76,-9.02E-06,0.000223305,-1.04E-05,0.000141695,0,-50,-50,100,-44,56,100,-94,6
WDCL 344 2(mg/mL) ,5.79,7.76,257,7.67,245.5,1.9,825762,1.340241796,400,15,50,27,3,5,5,0,0,5,2,-1.012526316,-1.161272727,13.39978947,15.89754545,60006.56,112195.76,-9.02E-06,0.000223305,-1.04E-05,0.000141695,0,-50,-50,100,-44,56,100,-94,6
WDCL 339 5(mg/mL) ,7.06,9.65,315,10.96,349.3,1.7,2914585,1.366855524,400,18,40,32,8,2,2,0,0,2,5,-0.485510204,-0.578846154,12.2944898,13.415,57734.4,78610.08,-6.18E-06,0.000212949,-7.36E-06,0.000170652,0,-40,-40,40,-17.6,22.4,40,-57.6,-17.6
WDCL 339 2(mg/mL) ,5.84,9.45,313,9.16,266.6,1.5,3221869,1.618150685,400,18,40,32,8,2,2,0,0,2,2,-0.485510204,-0.578846154,12.2944898,13.415,57734.4,78610.08,-6.18E-06,0.000212949,-7.36E-06,0.000170652,0,-40,-40,40,-17.6,22.4,40,-57.6,-17.6
WDCL 333 5(mg/mL) ,6.35,9.97,352,9.24,305.6,1.9,630620,1.57007874,200,18,40,32,8,2,2,0,0,2,5,-0.485510204,-0.578846154,12.2944898,13.415,28867.2,39305.04,-1.24E-05,0.000425898,-1.47E-05,0.000341305,0,-40,-40,20,-8.8,11.2,20,-48.8,-28.8
WDCL 333 2(mg/mL) ,6.09,7.63,243,8.74,275.9,1.3,2402901,1.252873563,200,18,40,32,8,2,2,0,0,2,2,-0.485510204,-0.578846154,12.2944898,13.415,28867.2,39305.04,-1.24E-05,0.000425898,-1.47E-05,0.000341305,0,-40,-40,20,-8.8,11.2,20,-48.8,-28.8
WDCL 336 5(mg/mL) ,9.5,8.93,304,8.88,288.5,1.6,625561,0.94,200,15,50,27,3,5,5,0,0,5,5,-1.012526316,-1.161272727,13.39978947,15.89754545,30003.28,56097.88,-1.80E-05,0.000446611,-2.07E-05,0.000283389,0,-50,-50,50,-22,28,50,-72,-22
WDCL 336 2(mg/mL) ,10.2,10.87,363,11.45,336.4,1.6,1500419,1.065686275,200,15,50,27,3,5,5,0,0,5,2,-1.012526316,-1.161272727,13.39978947,15.89754545,30003.28,56097.88,-1.80E-05,0.000446611,-2.07E-05,0.000283389,0,-50,-50,50,-22,28,50,-72,-22
WDCL 18 5(mg/mL) ,5.13,7.87,266,7.84,254,2.3,388005,1.53411306,300,45,25,17,3,10,10,0,0,10,5,-0.368777778,-0.802416667,11.96422222,16.90233333,35344.62,113628.42,-3.25E-06,0.000338502,-7.06E-06,0.000148751,0,-25,-25,150,-66,84,150,-91,59
WDCL 18 2(mg/mL) ,9.68,10.24,330,12.54,388.9,2.2,747713,1.05785124,300,45,25,17,3,10,10,0,0,10,2,-0.368777778,-0.802416667,11.96422222,16.90233333,35344.62,113628.42,-3.25E-06,0.000338502,-7.06E-06,0.000148751,0,-25,-25,150,-66,84,150,-91,59
WDCL 3s 5(mg/mL) ,8.52,12.37,380,12.4,352.4,1.5,2844765,1.451877934,300,80,0,5,5,10,10,0,0,10,5,0.37,-0.248333333,10.33722222,15.68208333,27423.6,105707.4,3.50E-06,0.000376946,-2.35E-06,0.000148354,0,0,0,150,-66,84,150,-66,84
WDCL 18s 2(mg/mL) ,10.03,12.13,409,10.61,321.5,2.1,907208,1.209371884,300,35,25,22,8,10,10,0,0,10,2,-0.168777778,-0.652416667,11.59144444,16.62275,36005.82,114289.62,-1.48E-06,0.000321933,-5.71E-06,0.000145444,0,-25,-25,150,-66,84,150,-91,59
WDCL 9s 5(mg/mL) ,12.8,11.7,404,11.5,387.3,2.1,1286175,0.9140625,300,55,25,5,5,10,10,0,0,10,5,-0.466111111,-0.875416667,12.19,17.07166667,35567.1,113850.9,-4.09E-06,0.000342732,-7.69E-06,0.000149948,0,-25,-25,150,-66,84,150,-91,59
WDCL 2s 5(mg/mL) ,11.24,12.41,412,11.89,358.3,1.6,4436836,1.104092527,300,85,0,5,5,5,5,0,0,5,5,0.359473684,0.023636364,10.35684211,13.26954545,28910.4,68052.3,5.28E-06,0.000358239,3.47E-07,0.00019499,0,0,0,75,-33,42,75,-33,42
WDCL 9s 2(mg/mL) ,10.8,12.1,418,10.75,339,2,1744138,1.12037037,300,55,25,5,5,10,10,0,0,10,2,-0.466111111,-0.875416667,12.19,17.07166667,35567.1,113850.9,-4.09E-06,0.000342732,-7.69E-06,0.000149948,0,-25,-25,150,-66,84,150,-91,59
WDCL 2s 2(mg/mL) ,9.81,12.52,417,9.35,261.1,1.5,3996744,1.276248726,300,85,0,5,5,5,5,0,0,5,2,0.359473684,0.023636364,10.35684211,13.26954545,28910.4,68052.3,5.28E-06,0.000358239,3.47E-07,0.00019499,0,0,0,75,-33,42,75,-33,42
WDCL 9s 1(mg/mL) ,13,12.09,426,11.79,390.2,2.1,1238958,0.93,300,55,25,5,5,10,10,0,0,10,1,-0.466111111,-0.875416667,12.19,17.07166667,35567.1,113850.9,-4.09E-06,0.000342732,-7.69E-06,0.000149948,0,-25,-25,150,-66,84,150,-91,59
WDCL 1s 5(mg/mL) ,10.99,11.7,353,12.08,354.2,1.8,6175172,1.064604186,300,88,0,5,5,2,2,0,0,2,5,0.353673469,0.211923077,10.36765306,11.59932692,29802.48,45459.24,7.78E-06,0.000347879,4.66E-06,0.000255159,0,0,0,30,-13.2,16.8,30,-13.2,16.8
WDCL 17 5(mg/mL) ,9.03,10.52,342,13.57,432.8,2.3,699519,1.165005537,300,50,25,17,3,5,5,0,0,5,5,-0.340421053,-0.580818182,11.89821053,14.60072727,36831.42,75973.32,-4.48E-06,0.000323045,-7.65E-06,0.000192182,0,-25,-25,75,-33,42,75,-58,17
WDCL 1s 2(mg/mL) ,11.65,10.7,316,11.4,316.1,1.8,3657036,0.918454936,300,88,0,5,5,2,2,0,0,2,2,0.353673469,0.211923077,10.36765306,11.59932692,29802.48,45459.24,7.78E-06,0.000347879,4.66E-06,0.000255159,0,0,0,30,-13.2,16.8,30,-13.2,16.8
WDCL 17 2(mg/mL) ,9.86,11.12,371,11.61,378.7,2,960342,1.127789047,300,50,25,17,3,5,5,0,0,5,2,-0.340421053,-0.580818182,11.89821053,14.60072727,36831.42,75973.32,-4.48E-06,0.000323045,-7.65E-06,0.000192182,0,-25,-25,75,-33,42,75,-58,17
WDCL 1s 1(mg/mL) ,12.3,11.32,354,10.65,299,2.1,4222121,0.920325203,300,88,0,5,5,2,2,0,0,2,1,0.353673469,0.211923077,10.36765306,11.59932692,29802.48,45459.24,7.78E-06,0.000347879,4.66E-06,0.000255159,0,0,0,30,-13.2,16.8,30,-13.2,16.8
WDCL 1 5(mg/mL) ,10.55,11.31,375,11.31,333.6,1.7,5143667,1.072037915,300,98,0,0,0,2,2,0,0,2,5,0.17,0.038846154,10.71,11.92192308,29141.28,44798.04,3.79E-06,0.00036752,8.67E-07,0.000266126,0,0,0,30,-13.2,16.8,30,-13.2,16.8
WDCL 1 2(mg/mL) ,9.17,11.51,367,12.04,352.9,1.7,2675406,1.255179935,300,98,0,0,0,2,2,0,0,2,2,0.17,0.038846154,10.71,11.92192308,29141.28,44798.04,3.79E-06,0.00036752,8.67E-07,0.000266126,0,0,0,30,-13.2,16.8,30,-13.2,16.8
WDCL 15s 5(mg/mL) ,10.24,10.12,317,13.63,446.4,3,494181,0.98828125,300,40,25,17,8,10,10,0,0,10,5,-0.232111111,-0.699916667,11.72533333,16.72316667,35990.82,114274.62,-2.03E-06,0.000325787,-6.12E-06,0.000146342,0,-25,-25,150,-66,84,150,-91,59
WDCL 9 5(mg/mL) ,14.1,10.7,377,10.18,332.5,2.8,863842,0.758865248,300,65,25,0,0,10,10,0,0,10,5,-0.666111111,-1.025416667,12.56277778,17.35125,34905.9,113189.7,-5.88E-06,0.000359904,-9.06E-06,0.000153294,0,-25,-25,150,-66,84,150,-91,59
WDCL 9 2(mg/mL) ,10.7,8.39,249,11.04,343.8,3,1164419,0.78411215,300,65,25,0,0,10,10,0,0,10,2,-0.666111111,-1.025416667,12.56277778,17.35125,34905.9,113189.7,-5.88E-06,0.000359904,-9.06E-06,0.000153294,0,-25,-25,150,-66,84,150,-91,59
WDCL 2 5(mg/mL) ,10.3,8.45,278,10.42,367.4,3.1,449221,0.82038835,300,95,0,0,0,5,5,0,0,5,5,0.17,-0.14,10.71,13.57454545,28249.2,67391.1,2.52E-06,0.000379126,-2.08E-06,0.000201429,0,0,0,75,-33,42,75,-33,42
WDCL 2 2(mg/mL) ,10.7,8.73,269,12.44,407.9,3.2,667027,0.81588785,300,95,0,0,0,5,5,0,0,5,2,0.17,-0.14,10.71,13.57454545,28249.2,67391.1,2.52E-06,0.000379126,-2.08E-06,0.000201429,0,0,0,75,-33,42,75,-33,42
WDCL 2 1(mg/mL) ,6.9,11.79,385,11.45,327.6,1.9,2453988,1.708695652,300,95,0,0,0,5,5,0,0,5,1,0.17,-0.14,10.71,13.57454545,28249.2,67391.1,2.52E-06,0.000379126,-2.08E-06,0.000201429,0,0,0,75,-33,42,75,-33,42
WDCL 8s 5(mg/mL) ,10.46,11.58,371,12.83,412.7,1.6,3021389,1.10707457,300,60,25,5,5,5,5,0,0,5,5,-0.432631579,-0.660454545,12.11210526,14.78545455,37053.9,76195.8,-5.68E-06,0.000326878,-8.67E-06,0.000194046,0,-25,-25,75,-33,42,75,-58,17
WDCL 8s 2(mg/mL) ,11.34,11.21,372,11.09,340.9,1.6,1455171,0.988536155,300,60,25,5,5,5,5,0,0,5,2,-0.432631579,-0.660454545,12.11210526,14.78545455,37053.9,76195.8,-5.68E-06,0.000326878,-8.67E-06,0.000194046,0,-25,-25,75,-33,42,75,-58,17
HEPES WDCL 9s 5(mg/mL) ,12.56,10.55,365,10.52,344.9,2.8,626403,0.839968153,300,55,25,5,5,10,10,0,0,10,5,-0.466111111,-0.875416667,12.19,17.07166667,35567.1,113850.9,-4.09E-06,0.000342732,-7.69E-06,0.000149948,0,-25,-25,150,-66,84,150,-91,59
HEPES WDCL 3 2(mg/mL) ,7.64,6.69,221,5.96,160.7,2.4,630388,0.87565445,300,90,0,0,0,10,10,0,0,10,2,0.17,-0.398333333,10.71,15.96166667,26762.4,105046.2,1.62E-06,0.000400188,-3.79E-06,0.000151949,0,0,0,150,-66,84,150,-66,84
HEPES WDCL 2s 5(mg/mL) ,9.01,11.72,397,9.64,289,1.4,2218445,1.300776915,300,85,0,5,5,5,5,0,0,5,5,0.359473684,0.023636364,10.35684211,13.26954545,28910.4,68052.3,5.28E-06,0.000358239,3.47E-07,0.00019499,0,0,0,75,-33,42,75,-33,42
HEPES WDCL 3s 5(mg/mL) ,6.71,8.34,285,8.26,275.2,1.6,710056,1.242921013,300,80,0,5,5,10,10,0,0,10,5,0.37,-0.248333333,10.33722222,15.68208333,27423.6,105707.4,3.50E-06,0.000376946,-2.35E-06,0.000148354,0,0,0,150,-66,84,150,-66,84
HEPES WDCL 18 2(mg/mL) ,14.08,10.27,349,10.39,338.6,2.8,379273,0.729403409,300,45,25,17,3,10,10,0,0,10,2,-0.368777778,-0.802416667,11.96422222,16.90233333,35344.62,113628.42,-3.25E-06,0.000338502,-7.06E-06,0.000148751,0,-25,-25,150,-66,84,150,-91,59
HEPES WDCL 18 1(mg/mL) ,10.41,8.8,288,11.86,357.7,3,549571,0.845341018,300,45,25,17,3,10,10,0,0,10,1,-0.368777778,-0.802416667,11.96422222,16.90233333,35344.62,113628.42,-3.25E-06,0.000338502,-7.06E-06,0.000148751,0,-25,-25,150,-66,84,150,-91,59
HEPES WDCL 8 5(mg/mL) ,10.13,10.3,354,10.53,341.1,1.6,980375,1.016781836,300,70,25,0,0,5,5,0,0,5,5,-0.622105263,-0.824090909,12.46526316,15.09045455,36392.7,75534.6,-8.24E-06,0.000342521,-1.09E-05,0.000199782,0,-25,-25,75,-33,42,75,-58,17
HEPES WDCL 18s 5(mg/mL) ,11.54,11.59,374,12.62,422,2.1,828429,1.004332756,300,35,25,22,8,10,10,0,0,10,5,-0.168777778,-0.652416667,11.59144444,16.62275,36005.82,114289.62,-1.48E-06,0.000321933,-5.71E-06,0.000145444,0,-25,-25,150,-66,84,150,-91,59
HEPES WDCL 18s 2(mg/mL) ,9.06,10.89,370,10.9,354.1,2.1,671237,1.201986755,300,35,25,22,8,10,10,0,0,10,2,-0.168777778,-0.652416667,11.59144444,16.62275,36005.82,114289.62,-1.48E-06,0.000321933,-5.71E-06,0.000145444,0,-25,-25,150,-66,84,150,-91,59
HEPES WDCL 18s 1(mg/mL) ,5.26,8.82,291,8.74,270.8,1.7,751973,1.676806084,300,35,25,22,8,10,10,0,0,10,1,-0.168777778,-0.652416667,11.59144444,16.62275,36005.82,114289.62,-1.48E-06,0.000321933,-5.71E-06,0.000145444,0,-25,-25,150,-66,84,150,-91,59
HEPES WDCL 16s 5(mg/mL)  (Incomplete),5.46,9.49,321,10.55,371.4,2.9,334283,1.738095238,300,43,25,22,8,2,2,0,0,2,5,-0.141122449,-0.254326923,11.5194898,12.68471154,38384.7,54041.46,-2.61E-06,0.000300106,-4.71E-06,0.000234722,0,-25,-25,30,-13.2,16.8,30,-38.2,-8.2
HEPES WDCL 8s 5(mg/mL) ,12.81,9.57,317,9.6,304.7,1.7,923981,0.7470726,300,60,25,5,5,5,5,0,0,5,5,-0.432631579,-0.660454545,12.11210526,14.78545455,37053.9,76195.8,-5.68E-06,0.000326878,-8.67E-06,0.000194046,0,-25,-25,75,-33,42,75,-58,17
HEPES WDCL 8s 1(mg/mL) ,7.81,7.45,247,9.88,306.2,2.3,397426,0.95390525,300,60,25,5,5,5,5,0,0,5,1,-0.432631579,-0.660454545,12.11210526,14.78545455,37053.9,76195.8,-5.68E-06,0.000326878,-8.67E-06,0.000194046,0,-25,-25,75,-33,42,75,-58,17
HEPES WDCL 15s 2(mg/mL) ,10.87,10.27,304,12.91,413.7,2.1,987344,0.944802208,300,40,25,17,8,10,10,0,0,10,2,-0.232111111,-0.699916667,11.72533333,16.72316667,35990.82,114274.62,-2.03E-06,0.000325787,-6.12E-06,0.000146342,0,-25,-25,150,-66,84,150,-91,59
HEPES WDCL 15s 1(mg/mL) ,9.17,7,245,5.7,183.1,1.8,521939,0.763358779,300,40,25,17,8,10,10,0,0,10,1,-0.232111111,-0.699916667,11.72533333,16.72316667,35990.82,114274.62,-2.03E-06,0.000325787,-6.12E-06,0.000146342,0,-25,-25,150,-66,84,150,-91,59
HEPES WDCL 2 5(mg/mL) ,11.2,7.12,225,8.36,266.3,1.7,898518,0.635714286,300,95,0,0,0,5,5,0,0,5,5,0.17,-0.14,10.71,13.57454545,28249.2,67391.1,2.52E-06,0.000379126,-2.08E-06,0.000201429,0,0,0,75,-33,42,75,-33,42
HEPES WDCL 12s 5(mg/mL) ,7.8,8.88,286,9.81,327.9,2,922688,1.138461538,300,50,25,10,5,10,10,0,0,10,5,-0.402777778,-0.827916667,12.05611111,16.97125,35582.1,113865.9,-3.54E-06,0.000338825,-7.27E-06,0.000149046,0,-25,-25,150,-66,84,150,-91,59
HEPES WDCL 12s 2(mg/mL) ,7.55,8.68,283,8.74,262,1.6,1950197,1.149668874,300,50,25,10,5,10,10,0,0,10,2,-0.402777778,-0.827916667,12.05611111,16.97125,35582.1,113865.9,-3.54E-06,0.000338825,-7.27E-06,0.000149046,0,-25,-25,150,-66,84,150,-91,59
WDCL 161 5(mg/mL) ,10.05,8.69,318,8.64,314.9,3,425714,0.864676617,200,90,0,5,0,5,5,0,0,5,5,0.23,-0.088181818,10.58315789,13.465,18842.8,44937.4,5.12E-06,0.000561655,-1.96E-06,0.000299639,0,0,0,50,-22,28,50,-22,28
WDCL 161 2(mg/mL) ,10.1,8.9,316,9.43,340.8,2.9,476123,0.881188119,200,90,0,5,0,5,5,0,0,5,2,0.23,-0.088181818,10.58315789,13.465,18842.8,44937.4,5.12E-06,0.000561655,-1.96E-06,0.000299639,0,0,0,50,-22,28,50,-22,28
WDCL 161 1(mg/mL) ,9.4,9.17,314,10.88,366,2.6,752568,0.975531915,200,90,0,5,0,5,5,0,0,5,1,0.23,-0.088181818,10.58315789,13.465,18842.8,44937.4,5.12E-06,0.000561655,-1.96E-06,0.000299639,0,0,0,50,-22,28,50,-22,28
WDCL 184 5(mg/mL) ,10.82,9.9,351,8.87,269.5,1.9,1005572,0.914972274,400,93,0,5,0,2,2,0,0,2,5,0.228163265,0.093653846,10.58704082,11.80605769,38875.04,59750.72,3.82E-06,0.000272335,1.57E-06,0.000197589,0,0,0,40,-17.6,22.4,40,-17.6,22.4
WDCL 184 2(mg/mL) ,10.7,10.88,359,11.08,348.9,2,918461,1.01682243,400,93,0,5,0,2,2,0,0,2,2,0.228163265,0.093653846,10.58704082,11.80605769,38875.04,59750.72,3.82E-06,0.000272335,1.57E-06,0.000197589,0,0,0,40,-17.6,22.4,40,-17.6,22.4
WDCL 184 1(mg/mL) ,11.46,13.75,474,9.41,267,1.5,3116625,1.19982548,400,93,0,5,0,2,2,0,0,2,1,0.228163265,0.093653846,10.58704082,11.80605769,38875.04,59750.72,3.82E-06,0.000272335,1.57E-06,0.000197589,0,0,0,40,-17.6,22.4,40,-17.6,22.4
WDCL 160 5(mg/mL) ,9.6,8.73,275,10.04,327.8,1.9,1143862,0.909375,200,93,0,5,0,2,2,0,0,2,5,0.228163265,0.093653846,10.58704082,11.80605769,19437.52,29875.36,7.64E-06,0.00054467,3.13E-06,0.000395177,0,0,0,20,-8.8,11.2,20,-8.8,11.2
WDCL 160 2(mg/mL) ,9.2,8.07,264,9.21,298.6,1.8,1630714,0.877173913,200,93,0,5,0,2,2,0,0,2,2,0.228163265,0.093653846,10.58704082,11.80605769,19437.52,29875.36,7.64E-06,0.00054467,3.13E-06,0.000395177,0,0,0,20,-8.8,11.2,20,-8.8,11.2
WDCL 174 5(mg/mL) ,10.08,10.96,368,10.17,308.7,1.7,2207577,1.087301587,300,85,0,5,0,10,10,0,0,10,5,0.233333333,-0.350833333,10.57611111,15.86125,26777.4,105061.2,2.22E-06,0.000394964,-3.34E-06,0.000150972,0,0,0,150,-66,84,150,-66,84
WDCL 158 5(mg/mL) ,9.21,6.94,234,7.33,275.5,3.8,639338,0.753528773,400,80,5,0,10,5,5,0,0,5,5,0.270526316,-0.053181818,10.60842105,13.48681818,41560.4,93749.6,2.89E-06,0.000255253,-5.67E-07,0.00014386,0,-5,-5,100,-44,56,100,-49,51
WDCL 158 2(mg/mL) ,10.2,7.59,269,7.7,264.8,3.6,791499,0.744117647,400,80,5,0,10,5,5,0,0,5,2,0.270526316,-0.053181818,10.60842105,13.48681818,41560.4,93749.6,2.89E-06,0.000255253,-5.67E-07,0.00014386,0,-5,-5,100,-44,56,100,-49,51
WDCL 158 1(mg/mL) ,7.79,6.34,195,6.79,218.6,2.9,1234411,0.813863928,400,80,5,0,10,5,5,0,0,5,1,0.270526316,-0.053181818,10.60842105,13.48681818,41560.4,93749.6,2.89E-06,0.000255253,-5.67E-07,0.00014386,0,-5,-5,100,-44,56,100,-49,51
WDCL 111 5(mg/mL) ,13.6,8.58,297,9.7,404.8,2.8,3176791,0.630882353,200,85,5,0,0,10,10,0,0,10,5,0.002777778,-0.52375,11.08055556,16.23958333,18927.4,71116.6,3.91E-08,0.000585424,-7.36E-06,0.000228352,0,-5,-5,100,-44,56,100,-49,51
WDCL 151 5(mg/mL)  (Incomplete),8.94,8.49,292,8.98,314.2,2,448983,0.94966443,400,83,5,10,0,2,2,0,0,2,5,0.132755102,0.00375,10.80438776,12.01086538,41066.64,61942.32,2.14E-06,0.000263094,6.05E-08,0.000193904,0,-5,-5,40,-17.6,22.4,40,-22.6,17.4
WDCL 111 2(mg/mL) ,12.5,7.85,268,7.78,258.1,2.9,1893333,0.628,200,85,5,0,0,10,10,0,0,10,2,0.002777778,-0.52375,11.08055556,16.23958333,18927.4,71116.6,3.91E-08,0.000585424,-7.36E-06,0.000228352,0,-5,-5,100,-44,56,100,-49,51
WDCL 151 2(mg/mL) ,12.8,8.79,313,8.08,245.2,2,717895,0.68671875,400,83,5,10,0,2,2,0,0,2,2,0.132755102,0.00375,10.80438776,12.01086538,41066.64,61942.32,2.14E-06,0.000263094,6.05E-08,0.000193904,0,-5,-5,40,-17.6,22.4,40,-22.6,17.4
WDCL 111 1(mg/mL) ,12.4,8.77,296,9.83,341.1,2.9,2602512,0.707258065,200,85,5,0,0,10,10,0,0,10,1,0.002777778,-0.52375,11.08055556,16.23958333,18927.4,71116.6,3.91E-08,0.000585424,-7.36E-06,0.000228352,0,-5,-5,100,-44,56,100,-49,51
WDCL 151 1(mg/mL) ,10.1,10.59,283,10.14,256.3,1.1,232710,1.048514851,400,83,5,10,0,2,2,0,0,2,1,0.132755102,0.00375,10.80438776,12.01086538,41066.64,61942.32,2.14E-06,0.000263094,6.05E-08,0.000193904,0,-5,-5,40,-17.6,22.4,40,-22.6,17.4
WDCL 154 5(mg/mL)  (Incomplete),10.19,11.49,383,11.49,352.5,1.9,808602,1.127576055,400,88,5,0,5,2,2,0,0,2,5,0.141938776,0.012403846,10.83091837,12.03586538,41888.24,62763.92,2.26E-06,0.000258567,1.98E-07,0.000191764,0,-5,-5,40,-17.6,22.4,40,-22.6,17.4
WDCL 155 5(mg/mL) ,13.1,8.94,339,8.67,319.3,2.9,571616,0.682442748,400,85,5,0,5,5,5,0,0,5,5,0.141052632,-0.165,10.83473684,13.68227273,40698.8,92888,1.52E-06,0.000266218,-1.78E-06,0.000147299,0,-5,-5,100,-44,56,100,-49,51
WDCL 154 2(mg/mL) ,10.15,10.42,363,8.88,258.4,1.9,808602,1.026600985,400,88,5,0,5,2,2,0,0,2,2,0.141938776,0.012403846,10.83091837,12.03586538,41888.24,62763.92,2.26E-06,0.000258567,1.98E-07,0.000191764,0,-5,-5,40,-17.6,22.4,40,-22.6,17.4
WDCL 155 2(mg/mL) ,11.3,7.98,293,7.86,270,2.8,425665,0.70619469,400,85,5,0,5,5,5,0,0,5,2,0.141052632,-0.165,10.83473684,13.68227273,40698.8,92888,1.52E-06,0.000266218,-1.78E-06,0.000147299,0,-5,-5,100,-44,56,100,-49,51
WDCL 155 1(mg/mL) ,10.6,7.4,258,7.21,250.3,2.3,469002,0.698113208,400,85,5,0,5,5,5,0,0,5,1,0.141052632,-0.165,10.83473684,13.68227273,40698.8,92888,1.52E-06,0.000266218,-1.78E-06,0.000147299,0,-5,-5,100,-44,56,100,-49,51
WDCL 169 5(mg/mL) ,9.19,8.53,293,9.55,348.2,2.6,526666,0.928182807,200,88,0,0,10,2,2,0,0,2,5,0.421020408,0.275384615,10.27122449,11.50846154,20289.12,30726.96,1.37E-05,0.000506243,8.96E-06,0.00037454,0,0,0,20,-8.8,11.2,20,-8.8,11.2
WDCL 167 5(mg/mL) ,11.1,7.78,267,8.2,296.2,3,601996,0.700900901,200,90,0,0,5,5,5,0,0,5,5,0.299473684,-0.028181818,10.48368421,13.37909091,19263.6,45358.2,6.60E-06,0.000544222,-6.21E-07,0.000294965,0,0,0,50,-22,28,50,-22,28
WDCL 169 2(mg/mL) ,8.26,8.79,296,8.31,259.2,2.4,894002,1.064164649,200,88,0,0,10,2,2,0,0,2,2,0.421020408,0.275384615,10.27122449,11.50846154,20289.12,30726.96,1.37E-05,0.000506243,8.96E-06,0.00037454,0,0,0,20,-8.8,11.2,20,-8.8,11.2
WDCL 167 2(mg/mL) ,10.69,7.78,282,7.63,257.3,2.9,478090,0.727782975,200,90,0,0,5,5,5,0,0,5,2,0.299473684,-0.028181818,10.48368421,13.37909091,19263.6,45358.2,6.60E-06,0.000544222,-6.21E-07,0.000294965,0,0,0,50,-22,28,50,-22,28
WDCL 169 1(mg/mL) ,7.35,8.82,289,8.44,258.3,1.7,1925383,1.2,200,88,0,0,10,2,2,0,0,2,1,0.421020408,0.275384615,10.27122449,11.50846154,20289.12,30726.96,1.37E-05,0.000506243,8.96E-06,0.00037454,0,0,0,20,-8.8,11.2,20,-8.8,11.2
WDCL 167 1(mg/mL) ,10.9,8.47,291,10.09,354.3,2.7,983269,0.77706422,200,90,0,0,5,5,5,0,0,5,1,0.299473684,-0.028181818,10.48368421,13.37909091,19263.6,45358.2,6.60E-06,0.000544222,-6.21E-07,0.000294965,0,0,0,50,-22,28,50,-22,28
WDCL 185 5(mg/mL) ,12.36,9.4,338,10.14,380.5,2.9,681198,0.760517799,400,90,0,5,0,5,5,0,0,5,5,0.23,-0.088181818,10.58315789,13.465,37685.6,89874.8,2.56E-06,0.000280828,-9.81E-07,0.00014982,0,0,0,100,-44,56,100,-44,56
WDCL 172 5(mg/mL) ,8.74,9.68,348,9.37,328.4,2,595099,1.107551487,300,93,0,5,0,2,2,0,0,2,5,0.228163265,0.093653846,10.58704082,11.80605769,29156.28,44813.04,5.09E-06,0.000363114,2.09E-06,0.000263451,0,0,0,30,-13.2,16.8,30,-13.2,16.8
WDCL 185 2(mg/mL) ,11.07,9.69,332,10.52,358.8,2.7,849570,0.875338753,400,90,0,5,0,5,5,0,0,5,2,0.23,-0.088181818,10.58315789,13.465,37685.6,89874.8,2.56E-06,0.000280828,-9.81E-07,0.00014982,0,0,0,100,-44,56,100,-44,56
WDCL 172 2(mg/mL)  (Incomplete),10.6,14.14,390,14.27,373.9,1.5,5216484,1.333962264,300,93,0,5,0,2,2,0,0,2,2,0.228163265,0.093653846,10.58704082,11.80605769,29156.28,44813.04,5.09E-06,0.000363114,2.09E-06,0.000263451,0,0,0,30,-13.2,16.8,30,-13.2,16.8
WDCL 185 1(mg/mL) ,11.75,7.92,270,7.85,250.9,2.6,820349,0.674042553,400,90,0,5,0,5,5,0,0,5,1,0.23,-0.088181818,10.58315789,13.465,37685.6,89874.8,2.56E-06,0.000280828,-9.81E-07,0.00014982,0,0,0,100,-44,56,100,-44,56
WDCL 178 5(mg/mL) ,11.36,10.27,322,12.02,392.1,2.5,650574,0.904049296,300,93,0,0,5,2,2,0,0,2,5,0.295510204,0.157115385,10.49061224,11.71519231,29787.48,45444.24,6.50E-06,0.000352182,3.46E-06,0.000257793,0,0,0,30,-13.2,16.8,30,-13.2,16.8
WDCL 168 5(mg/mL) ,7.98,8.02,287,7.36,225,2,546219,1.005012531,200,85,0,0,5,10,10,0,0,10,5,0.306666667,-0.295833333,10.47111111,15.7825,18272.4,70461.6,4.35E-06,0.000573056,-4.20E-06,0.000223987,0,0,0,100,-44,56,100,-44,56
WDCL 175 5(mg/mL) ,10.74,9.21,301,10.89,373.8,2.5,585372,0.857541899,300,88,0,10,0,2,2,0,0,2,5,0.286326531,0.148461538,10.46408163,11.69019231,29171.28,44828.04,6.39E-06,0.000358712,3.31E-06,0.000260779,0,0,0,30,-13.2,16.8,30,-13.2,16.8
WDCL 175 2(mg/mL) ,10.6,9.68,309,11.25,359.9,2.2,978028,0.913207547,300,88,0,10,0,2,2,0,0,2,2,0.286326531,0.148461538,10.46408163,11.69019231,29171.28,44828.04,6.39E-06,0.000358712,3.31E-06,0.000260779,0,0,0,30,-13.2,16.8,30,-13.2,16.8
WDCL 166 5(mg/mL) ,9.7,8.57,328,8.02,260.5,1.8,420023,0.883505155,200,93,0,0,5,2,2,0,0,2,5,0.295510204,0.157115385,10.49061224,11.71519231,19858.32,30296.16,9.75E-06,0.000528273,5.19E-06,0.000386689,0,0,0,20,-8.8,11.2,20,-8.8,11.2
WDCL 181 5(mg/mL) ,13.18,10.6,324,128.2,400.3,2.7,1494127,0.804248862,300,88,0,0,10,2,2,0,0,2,5,0.421020408,0.275384615,10.27122449,11.50846154,30433.68,46090.44,9.13E-06,0.000337495,5.97E-06,0.000249693,0,0,0,30,-13.2,16.8,30,-13.2,16.8
WDCL 166 2(mg/mL) ,8.7,8.92,312,7.05,213.7,1.9,1102643,1.025287356,200,93,0,0,5,2,2,0,0,2,2,0.295510204,0.157115385,10.49061224,11.71519231,19858.32,30296.16,9.75E-06,0.000528273,5.19E-06,0.000386689,0,0,0,20,-8.8,11.2,20,-8.8,11.2
WDCL 122 5(mg/mL) ,9.1,6.35,214,7.12,249.6,2.8,360890,0.697802198,200,80,5,10,0,5,5,0,0,5,5,0.131578947,-0.173181818,10.80736842,13.65863636,19938.6,46033.2,2.86E-06,0.000542032,-3.76E-06,0.000296713,0,-5,-5,50,-22,28,50,-27,23
WDCL 170 2(mg/mL) ,11.32,8.04,256,9.97,375.9,3.1,1795862,0.71024735,200,85,0,0,10,5,5,0,0,5,2,0.428947368,0.083636364,10.25736842,13.18363636,19694.4,45789,9.37E-06,0.000520827,1.83E-06,0.000287921,0,0,0,50,-22,28,50,-22,28
WDCL 170 1(mg/mL) ,12.25,8.14,308,7.93,281.8,3.1,1487803,0.664489796,200,85,0,0,10,5,5,0,0,5,1,0.428947368,0.083636364,10.25736842,13.18363636,19694.4,45789,9.37E-06,0.000520827,1.83E-06,0.000287921,0,0,0,50,-22,28,50,-22,28
WDCL 162 5(mg/mL) ,7.62,7.36,248,7.12,228.7,1.8,1164300,0.965879265,200,85,0,5,0,10,10,0,0,10,5,0.233333333,-0.350833333,10.57611111,15.86125,17851.6,70040.8,3.33E-06,0.000592446,-5.01E-06,0.000226457,0,0,0,100,-44,56,100,-44,56
WDCL 123 2(mg/mL) ,10.3,6.94,218,8.1,281.4,3.7,908084,0.673786408,200,75,5,10,0,10,10,0,0,10,2,0.129444444,-0.42875,10.81277778,16.03875,18947.4,71136.6,1.82E-06,0.000570673,-6.03E-06,0.000225464,0,-5,-5,100,-44,56,100,-49,51
WDCL 123 1(mg/mL) ,9.7,6.46,217,6.5,207.8,3.7,647718,0.665979381,200,75,5,10,0,10,10,0,0,10,1,0.129444444,-0.42875,10.81277778,16.03875,18947.4,71136.6,1.82E-06,0.000570673,-6.03E-06,0.000225464,0,-5,-5,100,-44,56,100,-49,51
WDCL 119 5(mg/mL) ,10.2,6.67,244,6.69,244,3.8,209482,0.653921569,200,85,5,5,0,5,5,0,0,5,5,0.071578947,-0.225,10.93421053,13.76818182,19928.6,46023.2,1.56E-06,0.000548669,-4.89E-06,0.000299157,0,-5,-5,50,-22,28,50,-27,23
WDCL 119 2(mg/mL) ,8.9,8.72,278,10.32,325.1,2.1,977506,0.979775281,200,85,5,5,0,5,5,0,0,5,2,0.071578947,-0.225,10.93421053,13.76818182,19928.6,46023.2,1.56E-06,0.000548669,-4.89E-06,0.000299157,0,-5,-5,50,-22,28,50,-27,23
WDCL 120 5(mg/mL) ,12.2,7.85,268,9.57,325.1,3,1774421,0.643442623,200,80,5,5,0,10,10,0,0,10,5,0.066111111,-0.47625,10.94666667,16.13916667,18937.4,71126.6,9.29E-07,0.000578045,-6.70E-06,0.000226908,0,-5,-5,100,-44,56,100,-49,51
WDCL 102 5(mg/mL) ,15.8,9.85,316,11.21,409.6,2.9,2325199,0.623417722,300,75,5,10,0,10,10,0,0,10,5,0.129444444,-0.42875,10.81277778,16.03875,28421.1,106704.9,1.21E-06,0.000380449,-4.02E-06,0.000150309,0,-5,-5,150,-66,84,150,-71,79
WDCL 102 2(mg/mL) ,14.1,9.95,354,9.75,334.4,3.1,1808347,0.705673759,300,75,5,10,0,10,10,0,0,10,2,0.129444444,-0.42875,10.81277778,16.03875,28421.1,106704.9,1.21E-06,0.000380449,-4.02E-06,0.000150309,0,-5,-5,150,-66,84,150,-71,79
WDCL 131 5(mg/mL) ,11.04,8.42,269,8.96,296.8,2,555672,0.762681159,400,65,25,5,0,5,5,0,0,5,5,-0.562105263,-0.772272727,12.33842105,14.98090909,48543.6,100732.8,-5.58E-06,0.000254172,-7.67E-06,0.000148719,0,-25,-25,100,-44,56,100,-69,31
WDCL 96 5(mg/mL) ,12.81,8.37,308,7.59,260.3,3.6,359728,0.653395785,300,65,25,0,0,10,10,0,0,10,5,-0.666111111,-1.025416667,12.56277778,17.35125,34905.9,113189.7,-5.88E-06,0.000359904,-9.06E-06,0.000153294,0,-25,-25,150,-66,84,150,-91,59
WDCL 131 2(mg/mL) ,11.07,8.67,298,8.31,276.7,2,494378,0.783197832,400,65,25,5,0,5,5,0,0,5,2,-0.562105263,-0.772272727,12.33842105,14.98090909,48543.6,100732.8,-5.58E-06,0.000254172,-7.67E-06,0.000148719,0,-25,-25,100,-44,56,100,-69,31
WDCL 96 2(mg/mL) ,10.95,7.1,252,7.43,269,3.1,321197,0.648401826,300,65,25,0,0,10,10,0,0,10,2,-0.666111111,-1.025416667,12.56277778,17.35125,34905.9,113189.7,-5.88E-06,0.000359904,-9.06E-06,0.000153294,0,-25,-25,150,-66,84,150,-91,59
WDCL 179 5(mg/mL) ,14.6,9.87,359,9.45,322.6,3,1107806,0.676027397,300,90,0,0,5,5,5,0,0,5,5,0.299473684,-0.028181818,10.48368421,13.37909091,28895.4,68037.3,4.40E-06,0.000362815,-4.14E-07,0.000196643,0,0,0,75,-33,42,75,-33,42
WDCL 179 2(mg/mL) ,13.9,9.36,339,9.19,319.6,3,823939,0.673381295,300,90,0,0,5,5,5,0,0,5,2,0.299473684,-0.028181818,10.48368421,13.37909091,28895.4,68037.3,4.40E-06,0.000362815,-4.14E-07,0.000196643,0,0,0,75,-33,42,75,-33,42
WDCL 176 5(mg/mL) ,12.44,10.48,343,11.76,378.6,2.4,1821308,0.84244373,300,85,0,10,0,5,5,0,0,5,5,0.29,-0.036363636,10.45631579,13.35545455,28279.2,67421.1,4.30E-06,0.000369753,-5.39E-07,0.00019809,0,0,0,75,-33,42,75,-33,42
WDCL 176 2(mg/mL) ,12.22,9.65,326,9.64,318.3,2.6,984354,0.789689034,300,85,0,10,0,5,5,0,0,5,2,0.29,-0.036363636,10.45631579,13.35545455,28279.2,67421.1,4.30E-06,0.000369753,-5.39E-07,0.00019809,0,0,0,75,-33,42,75,-33,42
WDCL 171 5(mg/mL) ,8.49,10.78,367,9.08,260.8,1.4,2281752,1.269729093,200,80,0,0,10,10,10,0,0,10,5,0.443333333,-0.193333333,10.23222222,15.60333333,18703.2,70892.4,6.25E-06,0.000547084,-2.73E-06,0.000220099,0,0,0,100,-44,56,100,-44,56
WDCL 163 5(mg/mL) ,7.95,7.75,266,7.46,248,1.9,399908,0.974842767,200,88,10,0,0,2,2,0,0,2,5,-0.137142857,-0.250576923,11.39061224,12.56326923,21599.12,32036.96,-4.28E-06,0.000527365,-7.82E-06,0.000392149,0,-10,-10,20,-8.8,11.2,20,-18.8,1.2
WDCL 191 5(mg/mL) ,15.82,9.72,319,11.85,423,2.9,1710116,0.614412137,400,90,0,0,5,5,5,0,0,5,5,0.299473684,-0.028181818,10.48368421,13.37909091,38527.2,90716.4,3.30E-06,0.000272111,-3.11E-07,0.000147483,0,0,0,100,-44,56,100,-44,56
WDCL 173 5(mg/mL) ,13.2,9.13,304,11.05,392.7,2.8,625076,0.691666667,300,90,0,5,0,5,5,0,0,5,5,0.23,-0.088181818,10.58315789,13.465,28264.2,67406.1,3.41E-06,0.000374437,-1.31E-06,0.000199759,0,0,0,75,-33,42,75,-33,42
WDCL 173 2(mg/mL) ,12.1,8.92,306,8.83,294.9,2.7,675155,0.737190083,300,90,0,5,0,5,5,0,0,5,2,0.23,-0.088181818,10.58315789,13.465,28264.2,67406.1,3.41E-06,0.000374437,-1.31E-06,0.000199759,0,0,0,75,-33,42,75,-33,42
WDCL 173 1(mg/mL) ,11.3,8.51,303,7.58,248.2,2.3,934352,0.753097345,300,90,0,5,0,5,5,0,0,5,1,0.23,-0.088181818,10.58315789,13.465,28264.2,67406.1,3.41E-06,0.000374437,-1.31E-06,0.000199759,0,0,0,75,-33,42,75,-33,42
WDCL 80 5(mg/mL) ,11.1,7.22,247,8.6,323.3,2.9,1399499,0.65045045,200,95,0,0,0,5,5,0,0,5,5,0.17,-0.14,10.71,13.57454545,18832.8,44927.4,3.78E-06,0.000568689,-3.12E-06,0.000302144,0,0,0,50,-22,28,50,-22,28
WDCL 80 2(mg/mL) ,11.47,7.25,253,9.33,321.5,2.9,1125057,0.632083697,200,95,0,0,0,5,5,0,0,5,2,0.17,-0.14,10.71,13.57454545,18832.8,44927.4,3.78E-06,0.000568689,-3.12E-06,0.000302144,0,0,0,50,-22,28,50,-22,28
WDCL 80 1(mg/mL) ,10.95,6.89,248,6.6,213.8,2.9,618826,0.629223744,200,95,0,0,0,5,5,0,0,5,1,0.17,-0.14,10.71,13.57454545,18832.8,44927.4,3.78E-06,0.000568689,-3.12E-06,0.000302144,0,0,0,50,-22,28,50,-22,28
WDCL 82 5(mg/mL) ,10.65,7.26,266,7.12,255.9,2.9,243973,0.681690141,200,83,0,12,3,2,2,0,0,2,5,0.384897959,0.241346154,10.28326531,11.51980769,19710,30147.84,1.28E-05,0.000521728,8.01E-06,0.000382111,0,0,0,20,-8.8,11.2,20,-8.8,11.2
WDCL 85 2(mg/mL) ,10.92,9.41,304,10.88,365.7,2.9,502435,0.861721612,400,98,0,0,0,2,2,0,0,2,2,0.17,0.038846154,10.71,11.92192308,38855.04,59730.72,2.85E-06,0.00027564,6.50E-07,0.000199594,0,0,0,40,-17.6,22.4,40,-17.6,22.4
WDCL 85 1(mg/mL) ,12.88,8.49,299,7.08,222.9,2,903515,0.659161491,400,98,0,0,0,2,2,0,0,2,1,0.17,0.038846154,10.71,11.92192308,38855.04,59730.72,2.85E-06,0.00027564,6.50E-07,0.000199594,0,0,0,40,-17.6,22.4,40,-17.6,22.4
WDCL 79 5(mg/mL) ,9.7,8.81,316,8.72,300.2,2.9,425114,0.908247423,200,98,0,0,0,2,2,0,0,2,5,0.17,0.038846154,10.71,11.92192308,19427.52,29865.36,5.69E-06,0.00055128,1.30E-06,0.000399189,0,0,0,20,-8.8,11.2,20,-8.8,11.2
WDCL 79 2(mg/mL) ,10.08,9.91,321,11.58,384.9,2.8,642252,0.983134921,200,98,0,0,0,2,2,0,0,2,2,0.17,0.038846154,10.71,11.92192308,19427.52,29865.36,5.69E-06,0.00055128,1.30E-06,0.000399189,0,0,0,20,-8.8,11.2,20,-8.8,11.2
WDCL 79 1(mg/mL) ,9.8,8.86,277,8.9,257.7,2.3,795990,0.904081633,200,98,0,0,0,2,2,0,0,2,1,0.17,0.038846154,10.71,11.92192308,19427.52,29865.36,5.69E-06,0.00055128,1.30E-06,0.000399189,0,0,0,20,-8.8,11.2,20,-8.8,11.2
WDCL 69 5(mg/mL) ,9.74,10.79,367,12.6,448.6,2.6,455936,1.107802875,300,60,25,0,5,10,10,0,0,10,5,-0.529444444,-0.922916667,12.32388889,17.17208333,35552.1,113835.9,-4.65E-06,0.000346643,-8.11E-06,0.000150849,0,-25,-25,150,-66,84,150,-91,59
WDCL 75 5(mg/mL) ,9.17,7.69,2,8.47,291,2.8,110140,0.838604144,300,55,25,0,10,10,10,0,0,10,5,-0.392777778,-0.820416667,12.085,16.99291667,36198.3,114482.1,-3.43E-06,0.000333855,-7.17E-06,0.000148433,0,-25,-25,150,-66,84,150,-91,59
WDCL 75 2(mg/mL) ,12.2,11.04,337,12.69,372.8,2.2,998147,0.904918033,300,55,25,0,10,10,10,0,0,10,2,-0.392777778,-0.820416667,12.085,16.99291667,36198.3,114482.1,-3.43E-06,0.000333855,-7.17E-06,0.000148433,0,-25,-25,150,-66,84,150,-91,59
WDCL 72 5(mg/mL) ,12.3,7.96,263,7.64,243.2,2.1,642224,0.647154472,300,45,25,12,8,10,10,0,0,10,5,-0.295444444,-0.747416667,11.85922222,16.82358333,35975.82,114259.62,-2.59E-06,0.000329644,-6.54E-06,0.00014724,0,-25,-25,150,-66,84,150,-91,59
WDCL 72 2(mg/mL) ,8.3,13.75,427,14.57,394.1,1.8,5198799,1.656626506,300,45,25,12,8,10,10,0,0,10,2,-0.295444444,-0.747416667,11.85922222,16.82358333,35975.82,114259.62,-2.59E-06,0.000329644,-6.54E-06,0.00014724,0,-25,-25,150,-66,84,150,-91,59
WDCL 62 5(mg/mL) ,10.8,8.6,303,9.47,355.1,3.5,521746,0.796296296,300,60,25,10,0,5,5,0,0,5,5,-0.502105263,-0.720454545,12.21157895,14.87136364,36422.7,75564.6,-6.64E-06,0.000335274,-9.53E-06,0.000196803,0,-25,-25,75,-33,42,75,-58,17
WDCL 46 5(mg/mL) ,12.9,9.88,339,9.59,313.3,2.7,460004,0.765891473,400,48,25,22,3,2,2,0,0,2,5,-0.266632653,-0.372596154,11.73887755,12.89144231,50318,71193.68,-3.75E-06,0.000233294,-5.23E-06,0.000181076,0,-25,-25,40,-17.6,22.4,40,-42.6,-2.6
WDCL 62 2(mg/mL) ,9.47,7.46,229,7.49,332.4,3.1,823946,0.787750792,300,60,25,10,0,5,5,0,0,5,2,-0.502105263,-0.720454545,12.21157895,14.87136364,36422.7,75564.6,-6.64E-06,0.000335274,-9.53E-06,0.000196803,0,-25,-25,75,-33,42,75,-58,17
WDCL 46 2(mg/mL) ,8.58,9.61,322,9.49,304.4,1.9,778590,1.12004662,400,48,25,22,3,2,2,0,0,2,2,-0.266632653,-0.372596154,11.73887755,12.89144231,50318,71193.68,-3.75E-06,0.000233294,-5.23E-06,0.000181076,0,-25,-25,40,-17.6,22.4,40,-42.6,-2.6
WDCL 62 1(mg/mL) ,17.3,10.7,359,10.5,325.8,3,1196590,0.61849711,300,60,25,10,0,5,5,0,0,5,1,-0.502105263,-0.720454545,12.21157895,14.87136364,36422.7,75564.6,-6.64E-06,0.000335274,-9.53E-06,0.000196803,0,-25,-25,75,-33,42,75,-58,17
WDCL 56 5(mg/mL) ,8.63,7.38,235,9.64,358.9,3.7,539153,0.855156431,200,45,25,12,13,5,5,0,0,5,5,-0.141473684,-0.409,11.57242105,14.31936364,25405.88,51500.48,-2.75E-06,0.000455502,-7.94E-06,0.000278043,0,-25,-25,50,-22,28,50,-47,3
WDCL 59 5(mg/mL) ,14.4,10.54,343,11.39,368.3,2.9,992482,0.731944444,400,45,25,12,13,5,5,0,0,5,5,-0.141473684,-0.409,11.57242105,14.31936364,50811.76,103000.96,-1.37E-06,0.000227751,-3.97E-06,0.000139022,0,-25,-25,100,-44,56,100,-69,31
WDCL 56 2(mg/mL) ,8.32,7.21,234,8.41,300.3,3.6,279042,0.866586538,200,45,25,12,13,5,5,0,0,5,2,-0.141473684,-0.409,11.57242105,14.31936364,25405.88,51500.48,-2.75E-06,0.000455502,-7.94E-06,0.000278043,0,-25,-25,50,-22,28,50,-47,3
WDCL 59 2(mg/mL) ,14.3,10.61,311,13.32,401.5,2.7,1421545,0.741958042,400,45,25,12,13,5,5,0,0,5,2,-0.141473684,-0.409,11.57242105,14.31936364,50811.76,103000.96,-1.37E-06,0.000227751,-3.97E-06,0.000139022,0,-25,-25,100,-44,56,100,-69,31
WDCL 59 1(mg/mL) ,13.4,10.98,343,10.82,320,2,3549997,0.819402985,400,45,25,12,13,5,5,0,0,5,1,-0.141473684,-0.409,11.57242105,14.31936364,50811.76,103000.96,-1.37E-06,0.000227751,-3.97E-06,0.000139022,0,-25,-25,100,-44,56,100,-69,31
WDCL 64 5(mg/mL) ,9.37,9.26,296,11.37,352.6,2.1,743801,0.988260406,300,48,25,22,3,2,2,0,0,2,5,-0.266632653,-0.372596154,11.73887755,12.89144231,37738.5,53395.26,-4.99E-06,0.000311058,-6.98E-06,0.000241434,0,-25,-25,30,-13.2,16.8,30,-38.2,-8.2
WDCL 44 5(mg/mL) ,10.54,8.8,282,9.81,334.2,3.4,697972,0.834914611,200,45,25,22,3,5,5,0,0,5,5,-0.280421053,-0.529,11.77136842,14.49118182,24564.28,50658.88,-5.54E-06,0.000479207,-1.04E-05,0.000286054,0,-25,-25,50,-22,28,50,-47,3
WDCL 44 2(mg/mL) ,11.01,8.83,294,9.29,315.3,2.9,747267,0.801998183,200,45,25,22,3,5,5,0,0,5,2,-0.280421053,-0.529,11.77136842,14.49118182,24564.28,50658.88,-5.54E-06,0.000479207,-1.04E-05,0.000286054,0,-25,-25,50,-22,28,50,-47,3
WDCL 44 1(mg/mL) ,11.65,9.99,331,12.25,411.2,2.9,1121025,0.85751073,200,45,25,22,3,5,5,0,0,5,1,-0.280421053,-0.529,11.77136842,14.49118182,24564.28,50658.88,-5.54E-06,0.000479207,-1.04E-05,0.000286054,0,-25,-25,50,-22,28,50,-47,3
WDCL 43 5(mg/mL) ,11.4,8.72,296,9.2,316.5,2.9,544911,0.764912281,200,48,25,22,3,2,2,0,0,2,5,-0.266632653,-0.372596154,11.73887755,12.89144231,25159,35596.84,-7.49E-06,0.000466588,-1.05E-05,0.000362151,0,-25,-25,20,-8.8,11.2,20,-33.8,-13.8
WDCL 43 2(mg/mL) ,11.3,8.22,279,8.04,257.1,2.3,427556,0.727433628,200,48,25,22,3,2,2,0,0,2,2,-0.266632653,-0.372596154,11.73887755,12.89144231,25159,35596.84,-7.49E-06,0.000466588,-1.05E-05,0.000362151,0,-25,-25,20,-8.8,11.2,20,-33.8,-13.8
WDCL 53 5(mg/mL) ,9.63,9.08,304,9.96,356.7,2.7,501509,0.942886812,400,50,25,12,8,5,5,0,0,5,5,-0.270947368,-0.520818182,11.79873684,14.51481818,49950.16,102139.36,-2.65E-06,0.00023621,-5.10E-06,0.000142108,0,-25,-25,100,-44,56,100,-69,31
WDCL 53 2(mg/mL) ,5.11,10.13,341,10.8,365.1,2.5,791576,1.982387476,400,50,25,12,8,5,5,0,0,5,2,-0.270947368,-0.520818182,11.79873684,14.51481818,49950.16,102139.36,-2.65E-06,0.00023621,-5.10E-06,0.000142108,0,-25,-25,100,-44,56,100,-69,31
WDCL 51 2(mg/mL) ,10.44,10.7,341,10.72,328,2.9,946523,1.024904215,200,45,25,12,8,10,10,0,0,10,2,-0.295444444,-0.747416667,11.85922222,16.82358333,23983.88,76173.08,-3.88E-06,0.000494466,-9.81E-06,0.00022086,0,-25,-25,100,-44,56,100,-69,31
WDCL 51 1(mg/mL) ,11.08,11.17,385,12.1,411.7,2.7,514373,1.008122744,200,45,25,12,8,10,10,0,0,10,1,-0.295444444,-0.747416667,11.85922222,16.82358333,23983.88,76173.08,-3.88E-06,0.000494466,-9.81E-06,0.00022086,0,-25,-25,100,-44,56,100,-69,31
WDCL 23 5(mg/mL) ,9.36,11.48,378,14.93,516.6,1.9,1841251,1.226495726,300,65,15,12,3,5,5,0,0,5,5,-0.083578947,-0.359,11.32294737,14.10390909,33559.02,72700.92,-1.15E-06,0.000337404,-4.94E-06,0.000193999,0,-15,-15,75,-33,42,75,-48,27
WDCL 16 5(mg/mL) ,8.56,10.89,369,10.49,324.1,1.9,409392,1.272196262,300,53,25,17,3,2,2,0,0,2,5,-0.324795918,-0.427403846,11.86183673,13.00730769,37723.5,53380.26,-6.08E-06,0.000314442,-8.01E-06,0.000243673,0,-25,-25,30,-13.2,16.8,30,-38.2,-8.2
WDCL 16 2(mg/mL) ,10.2,11.01,362,12.74,433.3,2,534326,1.079411765,300,53,25,17,3,2,2,0,0,2,2,-0.324795918,-0.427403846,11.86183673,13.00730769,37723.5,53380.26,-6.08E-06,0.000314442,-8.01E-06,0.000243673,0,-25,-25,30,-13.2,16.8,30,-38.2,-8.2
WDCL 18 5(mg/mL) ,8.96,7.87,266,7.84,254,2.5,300590,0.878348214,300,45,25,17,3,10,10,0,0,10,5,-0.368777778,-0.802416667,11.96422222,16.90233333,35344.62,113628.42,-3.25E-06,0.000338502,-7.06E-06,0.000148751,0,-25,-25,150,-66,84,150,-91,59
WDCL 12 2(mg/mL) ,10.24,9.41,304,12.23,425.9,2.6,987822,0.918945313,300,60,25,5,0,10,10,0,0,10,2,-0.602777778,-0.977916667,12.42888889,17.25083333,34920.9,113204.7,-5.32E-06,0.000355915,-8.64E-06,0.000152386,0,-25,-25,150,-66,84,150,-91,59
WDCL 18 2(mg/mL) ,6.43,10.17,322,12.54,388.9,1.7,1302404,1.581648523,300,45,25,17,3,10,10,0,0,10,2,-0.368777778,-0.802416667,11.96422222,16.90233333,35344.62,113628.42,-3.25E-06,0.000338502,-7.06E-06,0.000148751,0,-25,-25,150,-66,84,150,-91,59
WDCL 8 5(mg/mL) ,10.17,8.76,301,8.6,269.3,1.8,907352,0.861356932,300,70,25,0,0,5,5,0,0,5,5,-0.622105263,-0.824090909,12.46526316,15.09045455,36392.7,75534.6,-8.24E-06,0.000342521,-1.09E-05,0.000199782,0,-25,-25,75,-33,42,75,-58,17
WDCL 17 5(mg/mL) ,7.92,10.58,333,13.61,433.4,2.5,647579,1.335858586,300,50,25,17,3,5,5,0,0,5,5,-0.340421053,-0.580818182,11.89821053,14.60072727,36831.42,75973.32,-4.48E-06,0.000323045,-7.65E-06,0.000192182,0,-25,-25,75,-33,42,75,-58,17
WDCL 133 5(mg/mL)  (Incomplete),6.6,8.94,294,8.97,275.7,1.8,632499,1.354545455,400,63,25,10,0,2,2,0,0,2,5,-0.481530612,-0.575096154,12.16561224,13.29355769,49753.04,70628.72,-6.82E-06,0.00024452,-8.14E-06,0.000188217,0,-25,-25,40,-17.6,22.4,40,-42.6,-2.6
